10
-1 63 63 74 11 4 20 30 84 35
63 -1 58 94 31 92 98 59 96 70
63 58 -1 55 1 54 91 53 80 49
74 94 55 -1 24 59 31 75 24 4
11 31 1 24 -1 38 9 6 2 98
4 92 54 59 38 -1 66 19 26 77
20 98 91 31 9 66 -1 65 60 93
30 59 53 75 6 19 65 -1 37 34
84 96 80 24 2 26 60 37 -1 15
35 70 49 4 98 77 93 34 15 -1