11
-1 99 22 40 77 11 46 48 80 22 16
99 -1 36 12 68 37 6 13 25 30 40
22 36 -1 19 31 81 68 88 32 100 33
40 12 19 -1 62 43 12 22 15 19 6
77 68 31 62 -1 98 43 52 60 57 94
11 37 81 43 98 -1 94 4 53 96 31
46 6 68 12 43 94 -1 44 10 62 55
48 13 88 22 52 4 44 -1 7 21 29
80 25 32 15 60 53 10 7 -1 97 27
22 30 100 19 57 96 62 21 97 -1 87
16 40 33 6 94 31 55 29 27 87 -1