15
-1 82 80 50 43 2 83 20 33 39 81 28 32 92 33
82 -1 80 77 60 23 91 46 57 31 7 60 64 57 1
80 80 -1 82 58 34 10 24 46 8 82 10 28 39 18
50 77 82 -1 85 90 25 49 15 66 19 3 31 12 56
43 60 58 85 -1 11 66 48 89 12 45 11 3 32 85
2 23 34 90 11 -1 89 65 51 24 84 31 46 35 46
83 91 10 25 66 89 -1 93 4 24 11 16 47 3 50
20 46 24 49 48 65 93 -1 88 2 27 19 63 20 68
33 57 46 15 89 51 4 88 -1 33 21 37 8 83 41
39 31 8 66 12 24 24 2 33 -1 73 90 71 56 9
81 7 82 19 45 84 11 27 21 73 -1 73 93 33 97
28 60 10 3 11 31 16 19 37 90 73 -1 68 75 54
32 64 28 31 3 46 47 63 8 71 93 68 -1 54 99
92 57 39 12 32 35 3 20 83 56 33 75 54 -1 69
33 1 18 56 85 46 50 68 41 9 97 54 99 69 -1