8
-1 34 33 75 15 9 74 60
34 -1 32 52 14 8 73 35
33 32 -1 83 65 15 77 44
75 52 83 -1 5 52 92 94
15 14 65 5 -1 50 85 52
9 8 15 52 50 -1 58 30
74 73 77 92 85 58 -1 1
60 35 44 94 52 30 1 -1