8
-1 39 57 80 70 94 89 71
39 -1 74 69 46 80 77 69
57 74 -1 68 81 22 81 39
80 69 68 -1 38 96 85 18
70 46 81 38 -1 45 61 60
94 80 22 96 45 -1 2 76
89 77 81 85 61 2 -1 90
71 69 39 18 60 76 90 -1