6
-1 8 61 6 76 33
8 -1 11 52 28 27
61 11 -1 51 83 98
6 52 51 -1 85 57
76 28 83 85 -1 16
33 27 98 57 16 -1