9
-1 87 23 98 70 60 75 43 73
87 -1 60 24 21 26 99 94 37
23 60 -1 79 66 84 50 70 92
98 24 79 -1 63 9 5 36 16
70 21 66 63 -1 98 96 89 31
60 26 84 9 98 -1 34 100 27
75 99 50 5 96 34 -1 94 24
43 94 70 36 89 100 94 -1 17
73 37 92 16 31 27 24 17 -1