7
-1 92 77 69 16 43 54
92 -1 67 100 46 16 51
77 67 -1 59 2 47 33
69 100 59 -1 60 84 28
16 46 2 60 -1 89 64
43 16 47 84 89 -1 12
54 51 33 28 64 12 -1