7
-1 93 75 45 28 12 17
93 -1 84 54 6 66 98
75 84 -1 99 12 12 35
45 54 99 -1 74 77 12
28 6 12 74 -1 17 37
12 66 12 77 17 -1 61
17 98 35 12 37 61 -1