14
-1 34 54 82 82 38 27 62 84 8 75 92 28 76
34 -1 89 17 43 63 18 57 91 91 37 66 84 13
54 89 -1 3 90 9 45 68 95 3 90 96 19 67
82 17 3 -1 35 1 100 83 76 100 62 81 90 38
82 43 90 35 -1 60 88 19 51 56 12 87 54 2
38 63 9 1 60 -1 61 63 13 36 62 43 89 68
27 18 45 100 88 61 -1 56 66 8 26 51 56 95
62 57 68 83 19 63 56 -1 43 96 42 35 86 49
84 91 95 76 51 13 66 43 -1 96 49 51 77 46
8 91 3 100 56 36 8 96 96 -1 8 68 1 73
75 37 90 62 12 62 26 42 49 8 -1 38 89 40
92 66 96 81 87 43 51 35 51 68 38 -1 17 68
28 84 19 90 54 89 56 86 77 1 89 17 -1 66
76 13 67 38 2 68 95 49 46 73 40 68 66 -1