14
-1 46 49 98 4 89 26 27 57 31 39 24 52 3
46 -1 56 96 98 87 59 58 6 53 33 4 95 36
49 56 -1 73 64 58 27 87 3 39 4 57 52 42
98 96 73 -1 47 24 62 41 37 81 71 97 45 10
4 98 64 47 -1 46 98 18 92 4 18 44 69 4
89 87 58 24 46 -1 22 82 65 75 48 52 50 66
26 59 27 62 98 22 -1 32 1 33 39 92 30 61
27 58 87 41 18 82 32 -1 13 42 46 19 32 3
57 6 3 37 92 65 1 13 -1 42 87 100 99 11
31 53 39 81 4 75 33 42 42 -1 41 27 88 16
39 33 4 71 18 48 39 46 87 41 -1 36 20 83
24 4 57 97 44 52 92 19 100 27 36 -1 30 56
52 95 52 45 69 50 30 32 99 88 20 30 -1 97
3 36 42 10 4 66 61 3 11 16 83 56 97 -1