7
-1 37 23 86 65 96 70
37 -1 77 69 80 30 33
23 77 -1 15 8 31 46
86 69 15 -1 31 38 96
65 80 8 31 -1 95 32
96 30 31 38 95 -1 40
70 33 46 96 32 40 -1