10
-1 96 96 47 62 58 98 39 10 12
96 -1 62 6 94 43 65 1 2 30
96 62 -1 29 40 15 2 2 40 89
47 6 29 -1 33 46 94 31 21 22
62 94 40 33 -1 75 68 100 91 29
58 43 15 46 75 -1 67 8 40 78
98 65 2 94 68 67 -1 55 5 34
39 1 2 31 100 8 55 -1 45 18
10 2 40 21 91 40 5 45 -1 12
12 30 89 22 29 78 34 18 12 -1