7
-1 65 66 81 100 61 26
65 -1 92 97 61 39 16
66 92 -1 99 38 34 87
81 97 99 -1 26 53 99
100 61 38 26 -1 83 55
61 39 34 53 83 -1 17
26 16 87 99 55 17 -1