8
-1 59 51 33 66 61 45 58
59 -1 62 26 98 69 93 87
51 62 -1 20 88 14 94 72
33 26 20 -1 29 4 27 99
66 98 88 29 -1 72 52 34
61 69 14 4 72 -1 74 27
45 93 94 27 52 74 -1 35
58 87 72 99 34 27 35 -1