7
-1 43 43 81 39 27 61
43 -1 45 18 5 2 82
43 45 -1 96 15 11 1
81 18 96 -1 94 50 5
39 5 15 94 -1 2 29
27 2 11 50 2 -1 29
61 82 1 5 29 29 -1