13
-1 50 11 41 26 13 68 92 29 22 74 58 93
50 -1 99 51 76 71 14 33 86 83 99 40 34
11 99 -1 94 51 67 12 18 84 42 81 33 99
41 51 94 -1 79 83 33 57 29 13 74 48 90
26 76 51 79 -1 92 59 12 7 79 67 75 89
13 71 67 83 92 -1 45 62 73 34 9 85 30
68 14 12 33 59 45 -1 47 26 47 26 52 90
92 33 18 57 12 62 47 -1 86 73 97 100 73
29 86 84 29 7 73 26 86 -1 74 83 45 36
22 83 42 13 79 34 47 73 74 -1 72 17 71
74 99 81 74 67 9 26 97 83 72 -1 67 16
58 40 33 48 75 85 52 100 45 17 67 -1 63
93 34 99 90 89 30 90 73 36 71 16 63 -1