11
-1 61 65 26 14 78 16 46 86 26 63
61 -1 25 75 37 93 21 38 32 85 45
65 25 -1 39 68 3 45 100 14 65 34
26 75 39 -1 63 72 72 85 67 96 100
14 37 68 63 -1 73 19 7 35 10 5
78 93 3 72 73 -1 30 34 18 23 53
16 21 45 72 19 30 -1 89 90 3 26
46 38 100 85 7 34 89 -1 89 88 66
86 32 14 67 35 18 90 89 -1 81 31
26 85 65 96 10 23 3 88 81 -1 84
63 45 34 100 5 53 26 66 31 84 -1