13
-1 5 18 63 85 24 18 10 64 35 78 51 11
5 -1 12 69 84 56 51 51 61 89 44 7 54
18 12 -1 47 21 92 65 61 68 91 94 28 31
63 69 47 -1 24 96 98 21 19 60 82 81 36
85 84 21 24 -1 1 82 51 88 61 37 81 31
24 56 92 96 1 -1 92 92 27 93 77 34 9
18 51 65 98 82 92 -1 57 31 33 99 65 8
10 51 61 21 51 92 57 -1 90 95 22 9 13
64 61 68 19 88 27 31 90 -1 89 93 8 32
35 89 91 60 61 93 33 95 89 -1 59 60 81
78 44 94 82 37 77 99 22 93 59 -1 75 12
51 7 28 81 81 34 65 9 8 60 75 -1 21
11 54 31 36 31 9 8 13 32 81 12 21 -1