10
-1 13 41 47 12 49 86 86 40 53
13 -1 47 3 72 94 37 49 4 51
41 47 -1 33 77 99 87 63 99 88
47 3 33 -1 49 69 27 90 28 54
12 72 77 49 -1 62 60 35 42 64
49 94 99 69 62 -1 4 27 92 32
86 37 87 27 60 4 -1 40 58 51
86 49 63 90 35 27 40 -1 99 48
40 4 99 28 42 92 58 99 -1 42
53 51 88 54 64 32 51 48 42 -1