12
-1 6 77 43 35 33 25 45 55 37 13 90
6 -1 71 71 99 26 79 52 83 52 58 77
77 71 -1 73 83 7 3 80 51 10 8 20
43 71 73 -1 63 64 94 94 56 44 81 63
35 99 83 63 -1 6 13 9 51 22 32 35
33 26 7 64 6 -1 66 47 60 39 56 41
25 79 3 94 13 66 -1 27 88 78 82 44
45 52 80 94 9 47 27 -1 19 71 4 20
55 83 51 56 51 60 88 19 -1 93 89 73
37 52 10 44 22 39 78 71 93 -1 36 47
13 58 8 81 32 56 82 4 89 36 -1 21
90 77 20 63 35 41 44 20 73 47 21 -1