10
-1 82 50 37 55 23 27 14 23 5
82 -1 62 58 100 3 54 31 23 14
50 62 -1 17 46 82 78 98 32 42
37 58 17 -1 66 7 100 88 60 76
55 100 46 66 -1 34 8 14 62 32
23 3 82 7 34 -1 87 37 63 7
27 54 78 100 8 87 -1 51 38 99
14 31 98 88 14 37 51 -1 94 98
23 23 32 60 62 63 38 94 -1 4
5 14 42 76 32 7 99 98 4 -1