11
-1 52 6 16 76 58 8 95 3 61 58
52 -1 78 88 21 92 59 93 54 64 20
6 78 -1 22 86 27 11 53 73 25 76
16 88 22 -1 20 18 87 51 99 11 72
76 21 86 20 -1 63 65 8 96 8 13
58 92 27 18 63 -1 20 68 5 73 70
8 59 11 87 65 20 -1 79 54 43 38
95 93 53 51 8 68 79 -1 27 90 46
3 54 73 99 96 5 54 27 -1 5 13
61 64 25 11 8 73 43 90 5 -1 87
58 20 76 72 13 70 38 46 13 87 -1