14
-1 67 71 85 67 32 71 18 90 14 31 95 6 91
67 -1 97 1 95 68 65 72 70 93 50 25 99 43
71 97 -1 79 73 36 60 60 98 59 94 60 13 70
85 1 79 -1 39 85 55 5 36 65 38 95 11 30
67 95 73 39 -1 74 56 94 98 47 34 59 1 47
32 68 36 85 74 -1 70 68 88 1 21 66 89 33
71 65 60 55 56 70 -1 21 10 26 33 95 21 27
18 72 60 5 94 68 21 -1 54 25 61 80 81 53
90 70 98 36 98 88 10 54 -1 3 52 3 80 58
14 93 59 65 47 1 26 25 3 -1 44 80 57 22
31 50 94 38 34 21 33 61 52 44 -1 29 51 11
95 25 60 95 59 66 95 80 3 80 29 -1 20 5
6 99 13 11 1 89 21 81 80 57 51 20 -1 13
91 43 70 30 47 33 27 53 58 22 11 5 13 -1