8
-1 99 74 95 35 83 14 46
99 -1 41 31 43 95 27 92
74 41 -1 42 60 30 68 33
95 31 42 -1 29 73 29 79
35 43 60 29 -1 51 39 18
83 95 30 73 51 -1 38 99
14 27 68 29 39 38 -1 38
46 92 33 79 18 99 38 -1