12
-1 58 90 64 38 76 19 98 17 78 31 13
58 -1 60 24 42 36 5 66 26 100 74 91
90 60 -1 16 42 5 65 4 83 71 20 56
64 24 16 -1 37 10 24 43 97 86 35 67
38 42 42 37 -1 17 21 70 36 77 86 39
76 36 5 10 17 -1 54 89 94 10 96 66
19 5 65 24 21 54 -1 15 74 71 55 4
98 66 4 43 70 89 15 -1 29 59 22 79
17 26 83 97 36 94 74 29 -1 64 57 47
78 100 71 86 77 10 71 59 64 -1 63 52
31 74 20 35 86 96 55 22 57 63 -1 84
13 91 56 67 39 66 4 79 47 52 84 -1