14
-1 14 46 26 83 100 99 45 30 57 55 39 32 93
14 -1 7 18 86 8 13 99 5 10 60 67 34 69
46 7 -1 40 72 53 13 92 83 55 2 29 98 15
26 18 40 -1 33 52 34 93 87 79 24 77 41 92
83 86 72 33 -1 81 39 44 59 39 63 4 66 17
100 8 53 52 81 -1 62 76 91 70 65 67 44 77
99 13 13 34 39 62 -1 9 18 38 24 31 50 77
45 99 92 93 44 76 9 -1 51 4 80 34 79 58
30 5 83 87 59 91 18 51 -1 3 73 93 80 68
57 10 55 79 39 70 38 4 3 -1 86 85 65 88
55 60 2 24 63 65 24 80 73 86 -1 96 53 24
39 67 29 77 4 67 31 34 93 85 96 -1 86 51
32 34 98 41 66 44 50 79 80 65 53 86 -1 45
93 69 15 92 17 77 77 58 68 88 24 51 45 -1