8
-1 96 59 48 14 78 99 42
96 -1 63 44 11 19 4 51
59 63 -1 95 8 88 39 7
48 44 95 -1 13 59 43 88
14 11 8 13 -1 79 59 17
78 19 88 59 79 -1 32 60
99 4 39 43 59 32 -1 13
42 51 7 88 17 60 13 -1