14
-1 50 32 37 33 1 19 16 28 11 32 15 99 80
50 -1 75 73 73 81 24 96 29 96 85 70 34 65
32 75 -1 53 64 3 14 93 3 82 28 93 69 17
37 73 53 -1 76 69 15 19 72 69 83 60 52 84
33 73 64 76 -1 22 61 77 61 78 76 51 24 37
1 81 3 69 22 -1 4 93 73 82 84 38 29 54
19 24 14 15 61 4 -1 86 85 84 91 28 8 1
16 96 93 19 77 93 86 -1 67 4 88 31 47 52
28 29 3 72 61 73 85 67 -1 51 22 23 6 13
11 96 82 69 78 82 84 4 51 -1 73 30 29 13
32 85 28 83 76 84 91 88 22 73 -1 17 46 4
15 70 93 60 51 38 28 31 23 30 17 -1 41 33
99 34 69 52 24 29 8 47 6 29 46 41 -1 17
80 65 17 84 37 54 1 52 13 13 4 33 17 -1

 sum_min=207