13
-1 3 72 34 51 93 4 11 92 2 58 57 45
3 -1 63 49 57 44 19 43 23 18 16 40 60
72 63 -1 45 22 84 98 96 13 29 86 23 95
34 49 45 -1 7 17 63 98 65 7 4 3 77
51 57 22 7 -1 72 90 100 7 61 84 29 63
93 44 84 17 72 -1 32 33 73 54 12 1 25
4 19 98 63 90 32 -1 54 6 89 57 77 5
11 43 96 98 100 33 54 -1 28 85 40 95 1
92 23 13 65 7 73 6 28 -1 46 8 73 37
2 18 29 7 61 54 89 85 46 -1 21 22 63
58 16 86 4 84 12 57 40 8 21 -1 36 32
57 40 23 3 29 1 77 95 73 22 36 -1 54
45 60 95 77 63 25 5 1 37 63 32 54 -1