9
-1 35 42 98 28 98 36 66 55
35 -1 10 94 9 23 93 54 100
42 10 -1 34 82 48 62 27 31
98 94 34 -1 28 71 60 61 12
28 9 82 28 -1 11 1 86 63
98 23 48 71 11 -1 34 53 58
36 93 62 60 1 34 -1 89 53
66 54 27 61 86 53 89 -1 31
55 100 31 12 63 58 53 31 -1