7
-1 98 49 26 44 63 44
98 -1 48 33 85 40 57
49 48 -1 93 63 30 20
26 33 93 -1 30 33 15
44 85 63 30 -1 66 23
63 40 30 33 66 -1 69
44 57 20 15 23 69 -1