8
-1 80 14 10 80 24 65 45
80 -1 28 59 95 85 11 3
14 28 -1 78 58 39 87 94
10 59 78 -1 51 8 50 32
80 95 58 51 -1 49 69 69
24 85 39 8 49 -1 40 72
65 11 87 50 69 40 -1 50
45 3 94 32 69 72 50 -1