13
-1 54 31 26 58 11 32 56 74 23 97 86 81
54 -1 29 95 68 38 53 81 76 59 80 90 11
31 29 -1 64 89 33 1 56 66 37 99 73 83
26 95 64 -1 59 6 75 5 6 91 27 66 20
58 68 89 59 -1 5 57 66 43 62 11 14 68
11 38 33 6 5 -1 53 52 29 63 34 34 22
32 53 1 75 57 53 -1 58 96 67 37 56 78
56 81 56 5 66 52 58 -1 7 85 11 45 15
74 76 66 6 43 29 96 7 -1 40 19 19 78
23 59 37 91 62 63 67 85 40 -1 55 26 23
97 80 99 27 11 34 37 11 19 55 -1 21 98
86 90 73 66 14 34 56 45 19 26 21 -1 1
81 11 83 20 68 22 78 15 78 23 98 1 -1

 sum_min=188
