9
-1 79 62 97 13 44 29 82 6
79 -1 96 51 46 61 86 21 88
62 96 -1 75 9 14 69 45 16
97 51 75 -1 47 2 34 22 74
13 46 9 47 -1 57 81 99 72
44 61 14 2 57 -1 87 66 96
29 86 69 34 81 87 -1 56 26
82 21 45 22 99 66 56 -1 91
6 88 16 74 72 96 26 91 -1