11
-1 50 69 46 8 51 72 73 72 28 16
50 -1 68 35 49 2 78 77 100 84 86
69 68 -1 27 78 37 40 28 37 87 95
46 35 27 -1 69 13 48 16 21 30 26
8 49 78 69 -1 36 8 75 8 38 84
51 2 37 13 36 -1 57 32 69 41 39
72 78 40 48 8 57 -1 44 6 94 41
73 77 28 16 75 32 44 -1 90 38 12
72 100 37 21 8 69 6 90 -1 53 81
28 84 87 30 38 41 94 38 53 -1 60
16 86 95 26 84 39 41 12 81 60 -1