11
-1 26 83 46 36 3 34 97 4 85 37
26 -1 5 60 35 64 48 17 55 40 41
83 5 -1 22 73 72 60 74 66 98 1
46 60 22 -1 63 69 20 52 98 31 76
36 35 73 63 -1 5 41 9 22 88 16
3 64 72 69 5 -1 79 82 22 86 36
34 48 60 20 41 79 -1 60 83 53 19
97 17 74 52 9 82 60 -1 88 24 35
4 55 66 98 22 22 83 88 -1 42 41
85 40 98 31 88 86 53 24 42 -1 43
37 41 1 76 16 36 19 35 41 43 -1