13
-1 58 32 54 43 93 51 67 84 8 29 3 79
58 -1 7 38 53 2 6 64 35 36 48 18 64
32 7 -1 93 19 93 30 16 52 9 2 39 46
54 38 93 -1 71 31 72 75 69 94 77 69 41
43 53 19 71 -1 79 74 78 13 4 5 83 65
93 2 93 31 79 -1 58 96 76 47 4 98 75
51 6 30 72 74 58 -1 29 86 62 74 81 54
67 64 16 75 78 96 29 -1 67 26 74 12 64
84 35 52 69 13 76 86 67 -1 93 3 18 76
8 36 9 94 4 47 62 26 93 -1 65 2 49
29 48 2 77 5 4 74 74 3 65 -1 98 36
3 18 39 69 83 98 81 12 18 2 98 -1 98
79 64 46 41 65 75 54 64 76 49 36 98 -1