9
-1 92 83 33 73 84 29 59 19
92 -1 27 83 90 38 26 46 34
83 27 -1 5 79 8 19 80 94
33 83 5 -1 19 58 6 54 92
73 90 79 19 -1 39 33 87 73
84 38 8 58 39 -1 13 71 34
29 26 19 6 33 13 -1 23 92
59 46 80 54 87 71 23 -1 46
19 34 94 92 73 34 92 46 -1

 sum_min=234
