7
-1 93 52 24 94 54 84
93 -1 87 62 28 8 26
52 87 -1 8 90 69 80
24 62 8 -1 78 28 96
94 28 90 78 -1 74 95
54 8 69 28 74 -1 99
84 26 80 96 95 99 -1