14
-1 62 61 49 87 42 99 52 71 41 46 11 95 28
62 -1 58 46 68 44 98 44 97 75 2 51 21 2
61 58 -1 62 71 91 51 62 47 32 29 30 44 20
49 46 62 -1 50 32 54 42 39 67 89 84 54 88
87 68 71 50 -1 22 5 17 56 15 68 26 55 68
42 44 91 32 22 -1 58 89 82 15 46 14 97 57
99 98 51 54 5 58 -1 36 82 21 53 77 64 93
52 44 62 42 17 89 36 -1 25 12 100 30 10 57
71 97 47 39 56 82 82 25 -1 30 47 9 68 56
41 75 32 67 15 15 21 12 30 -1 38 65 13 61
46 2 29 89 68 46 53 100 47 38 -1 51 34 14
11 51 30 84 26 14 77 30 9 65 51 -1 60 34
95 21 44 54 55 97 64 10 68 13 34 60 -1 89
28 2 20 88 68 57 93 57 56 61 14 34 89 -1