9
-1 66 51 83 50 19 13 16 41
66 -1 68 71 45 24 33 65 40
51 68 -1 58 24 64 63 41 61
83 71 58 -1 42 69 61 24 5
50 45 24 42 -1 24 8 87 13
19 24 64 69 24 -1 92 30 51
13 33 63 61 8 92 -1 33 24
16 65 41 24 87 30 33 -1 32
41 40 61 5 13 51 24 32 -1