10
-1 67 94 37 10 13 40 13 76 23
67 -1 31 89 19 32 38 59 8 15
94 31 -1 26 96 83 59 24 12 32
37 89 26 -1 69 28 3 23 55 58
10 19 96 69 -1 79 23 72 33 67
13 32 83 28 79 -1 43 71 12 67
40 38 59 3 23 43 -1 55 53 45
13 59 24 23 72 71 55 -1 77 78
76 8 12 55 33 12 53 77 -1 36
23 15 32 58 67 67 45 78 36 -1