13
-1 79 81 90 64 79 60 36 65 65 89 31 77
79 -1 24 12 20 69 34 9 4 71 85 5 74
81 24 -1 70 35 51 96 35 39 82 47 51 84
90 12 70 -1 3 24 10 89 68 39 42 81 16
64 20 35 3 -1 53 22 100 22 18 98 82 99
79 69 51 24 53 -1 76 24 93 95 1 28 41
60 34 96 10 22 76 -1 67 73 80 53 23 5
36 9 35 89 100 24 67 -1 97 70 11 81 72
65 4 39 68 22 93 73 97 -1 74 54 93 53
65 71 82 39 18 95 80 70 74 -1 62 37 8
89 85 47 42 98 1 53 11 54 62 -1 69 36
31 5 51 81 82 28 23 81 93 37 69 -1 42
77 74 84 16 99 41 5 72 53 8 36 42 -1