15
-1 56 64 100 81 18 49 44 49 49 71 54 40 22 65
56 -1 26 18 87 82 84 70 34 65 35 1 96 6 22
64 26 -1 61 46 32 53 2 81 88 93 31 1 63 62
100 18 61 -1 12 11 79 49 1 86 76 44 15 13 65
81 87 46 12 -1 28 22 65 66 88 60 57 63 28 67
18 82 32 11 28 -1 83 52 87 92 83 58 91 26 77
49 84 53 79 22 83 -1 10 62 16 33 50 81 71 41
44 70 2 49 65 52 10 -1 4 31 92 71 27 97 11
49 34 81 1 66 87 62 4 -1 43 67 82 64 18 94
49 65 88 86 88 92 16 31 43 -1 96 85 1 40 37
71 35 93 76 60 83 33 92 67 96 -1 41 41 65 52
54 1 31 44 57 58 50 71 82 85 41 -1 78 65 34
40 96 1 15 63 91 81 27 64 1 41 78 -1 84 88
22 6 63 13 28 26 71 97 18 40 65 65 84 -1 17
65 22 62 65 67 77 41 11 94 37 52 34 88 17 -1