13
-1 49 84 49 23 45 1 27 34 28 52 50 100
49 -1 95 96 56 40 56 80 19 36 75 20 23
84 95 -1 99 98 32 4 8 30 32 12 17 13
49 96 99 -1 75 77 60 56 83 90 18 87 9
23 56 98 75 -1 97 94 14 57 68 69 95 46
45 40 32 77 97 -1 96 30 78 4 91 40 13
1 56 4 60 94 96 -1 85 48 49 93 83 80
27 80 8 56 14 30 85 -1 19 33 29 59 48
34 19 30 83 57 78 48 19 -1 44 57 69 81
28 36 32 90 68 4 49 33 44 -1 17 31 81
52 75 12 18 69 91 93 29 57 17 -1 5 40
50 20 17 87 95 40 83 59 69 31 5 -1 26
100 23 13 9 46 13 80 48 81 81 40 26 -1