9
-1 70 31 43 65 35 73 94 90
70 -1 78 36 28 40 1 6 53
31 78 -1 65 17 13 15 10 47
43 36 65 -1 100 22 89 68 79
65 28 17 100 -1 60 58 55 5
35 40 13 22 60 -1 75 92 18
73 1 15 89 58 75 -1 14 76
94 6 10 68 55 92 14 -1 43
90 53 47 79 5 18 76 43 -1