8
-1 78 93 76 63 8 13 55
78 -1 56 54 15 24 69 41
93 56 -1 5 64 51 68 5
76 54 5 -1 7 69 5 56
63 15 64 7 -1 73 68 63
8 24 51 69 73 -1 100 61
13 69 68 5 68 100 -1 92
55 41 5 56 63 61 92 -1