10
-1 8 31 21 24 11 19 18 98 33
8 -1 4 2 82 90 17 69 97 79
31 4 -1 30 39 10 70 52 67 18
21 2 30 -1 69 50 36 84 82 92
24 82 39 69 -1 93 40 23 2 40
11 90 10 50 93 -1 54 18 3 95
19 17 70 36 40 54 -1 31 47 85
18 69 52 84 23 18 31 -1 34 94
98 97 67 82 2 3 47 34 -1 89
33 79 18 92 40 95 85 94 89 -1