14
-1 83 2 14 27 66 33 36 85 21 18 20 25 37
83 -1 76 46 84 78 60 54 67 8 18 21 34 2
2 76 -1 12 40 76 87 44 87 62 16 64 53 58
14 46 12 -1 34 24 44 86 58 59 56 47 86 28
27 84 40 34 -1 68 80 58 75 19 68 79 86 53
66 78 76 24 68 -1 14 79 83 30 58 73 25 86
33 60 87 44 80 14 -1 78 51 56 5 76 62 31
36 54 44 86 58 79 78 -1 84 12 82 62 25 7
85 67 87 58 75 83 51 84 -1 41 19 96 22 84
21 8 62 59 19 30 56 12 41 -1 98 54 51 39
18 18 16 56 68 58 5 82 19 98 -1 97 9 63
20 21 64 47 79 73 76 62 96 54 97 -1 9 77
25 34 53 86 86 25 62 25 22 51 9 9 -1 35
37 2 58 28 53 86 31 7 84 39 63 77 35 -1