15
-1 46 70 83 51 70 6 91 52 72 6 61 24 50 9
46 -1 55 59 99 19 5 34 95 93 69 41 8 49 23
70 55 -1 1 30 32 40 34 67 91 64 88 9 27 66
83 59 1 -1 95 88 15 76 36 58 79 72 79 24 23
51 99 30 95 -1 97 16 83 64 21 66 18 17 60 99
70 19 32 88 97 -1 30 83 77 88 82 10 29 11 65
6 5 40 15 16 30 -1 81 35 60 95 42 99 76 45
91 34 34 76 83 83 81 -1 100 24 18 54 6 4 85
52 95 67 36 64 77 35 100 -1 28 92 72 18 93 37
72 93 91 58 21 88 60 24 28 -1 82 50 87 68 63
6 69 64 79 66 82 95 18 92 82 -1 56 15 75 100
61 41 88 72 18 10 42 54 72 50 56 -1 7 93 56
24 8 9 79 17 29 99 6 18 87 15 7 -1 61 88
50 49 27 24 60 11 76 4 93 68 75 93 61 -1 17
9 23 66 23 99 65 45 85 37 63 100 56 88 17 -1