15
-1 45 61 11 52 99 80 30 43 20 40 66 37 66 80
45 -1 78 63 30 58 39 39 58 28 76 1 45 12 7
61 78 -1 93 65 88 100 63 27 31 5 51 92 80 33
11 63 93 -1 93 22 25 90 71 11 35 35 99 67 71
52 30 65 93 -1 50 87 45 11 73 11 21 1 46 27
99 58 88 22 50 -1 13 44 84 66 3 36 5 12 77
80 39 100 25 87 13 -1 96 78 85 73 34 65 28 23
30 39 63 90 45 44 96 -1 1 55 93 2 46 1 33
43 58 27 71 11 84 78 1 -1 85 64 19 100 11 100
20 28 31 11 73 66 85 55 85 -1 53 42 53 13 86
40 76 5 35 11 3 73 93 64 53 -1 9 64 74 41
66 1 51 35 21 36 34 2 19 42 9 -1 40 95 73
37 45 92 99 1 5 65 46 100 53 64 40 -1 88 67
66 12 80 67 46 12 28 1 11 13 74 95 88 -1 81
80 7 33 71 27 77 23 33 100 86 41 73 67 81 -1