10
-1 7 13 88 19 76 88 18 67 40
7 -1 48 20 25 54 93 69 64 58
13 48 -1 72 48 5 91 96 35 10
88 20 72 -1 51 34 10 90 46 62
19 25 48 51 -1 86 54 40 72 63
76 54 5 34 86 -1 19 49 55 49
88 93 91 10 54 19 -1 95 54 58
18 69 96 90 40 49 95 -1 94 25
67 64 35 46 72 55 54 94 -1 8
40 58 10 62 63 49 58 25 8 -1