12
-1 39 71 34 29 59 91 4 33 15 35 62
39 -1 79 55 35 82 97 12 10 35 60 56
71 79 -1 40 34 27 11 92 47 56 39 71
34 55 40 -1 38 42 31 56 8 15 9 13
29 35 34 38 -1 60 61 35 8 73 82 16
59 82 27 42 60 -1 93 57 7 56 4 5
91 97 11 31 61 93 -1 50 55 52 13 11
4 12 92 56 35 57 50 -1 38 29 38 31
33 10 47 8 8 7 55 38 -1 83 57 78
15 35 56 15 73 56 52 29 83 -1 89 90
35 60 39 9 82 4 13 38 57 89 -1 76
62 56 71 13 16 5 11 31 78 90 76 -1