12
-1 40 35 79 19 29 87 63 1 85 4 31
40 -1 80 67 86 81 73 43 89 62 36 69
35 80 -1 31 30 98 82 36 20 78 84 82
79 67 31 -1 16 59 4 14 90 21 96 70
19 86 30 16 -1 32 81 95 9 44 90 29
29 81 98 59 32 -1 30 20 74 21 70 32
87 73 82 4 81 30 -1 33 76 64 42 40
63 43 36 14 95 20 33 -1 81 23 51 94
1 89 20 90 9 74 76 81 -1 57 96 20
85 62 78 21 44 21 64 23 57 -1 72 59
4 36 84 96 90 70 42 51 96 72 -1 71
31 69 82 70 29 32 40 94 20 59 71 -1