11
-1 24 82 91 71 62 69 85 41 84 50
24 -1 92 57 18 70 75 27 82 86 29
82 92 -1 78 54 83 96 88 83 4 3
91 57 78 -1 56 38 45 70 79 48 13
71 18 54 56 -1 88 6 46 10 66 73
62 70 83 38 88 -1 16 97 70 79 99
69 75 96 45 6 16 -1 80 95 46 35
85 27 88 70 46 97 80 -1 49 69 9
41 82 83 79 10 70 95 49 -1 1 50
84 86 4 48 66 79 46 69 1 -1 7
50 29 3 13 73 99 35 9 50 7 -1