10
-1 64 13 62 51 1 56 92 67 65
64 -1 29 49 35 87 28 78 57 39
13 29 -1 33 18 75 1 68 91 58
62 49 33 -1 17 73 20 9 45 90
51 35 18 17 -1 52 48 13 69 68
1 87 75 73 52 -1 6 71 82 17
56 28 1 20 48 6 -1 49 71 96
92 78 68 9 13 71 49 -1 52 7
67 57 91 45 69 82 71 52 -1 34
65 39 58 90 68 17 96 7 34 -1