15
-1 89 69 99 35 21 77 29 90 77 2 89 43 46 64
89 -1 50 2 27 40 9 98 71 89 26 69 39 61 28
69 50 -1 21 72 89 20 46 49 94 80 35 49 18 23
99 2 21 -1 50 19 73 44 69 37 47 20 20 4 15
35 27 72 50 -1 93 62 25 57 25 34 49 63 99 18
21 40 89 19 93 -1 27 72 46 99 78 34 46 4 92
77 9 20 73 62 27 -1 79 27 63 36 50 64 92 3
29 98 46 44 25 72 79 -1 84 48 26 45 71 1 72
90 71 49 69 57 46 27 84 -1 54 44 36 84 27 60
77 89 94 37 25 99 63 48 54 -1 63 50 14 79 38
2 26 80 47 34 78 36 26 44 63 -1 88 15 27 29
89 69 35 20 49 34 50 45 36 50 88 -1 35 1 70
43 39 49 20 63 46 64 71 84 14 15 35 -1 51 58
46 61 18 4 99 4 92 1 27 79 27 1 51 -1 39
64 28 23 15 18 92 3 72 60 38 29 70 58 39 -1