12
-1 68 97 17 39 85 29 81 48 67 37 2
68 -1 83 25 76 18 81 61 60 66 55 3
97 83 -1 25 63 11 4 50 73 9 68 90
17 25 25 -1 88 11 82 55 7 25 70 83
39 76 63 88 -1 49 38 28 13 91 2 44
85 18 11 11 49 -1 73 35 20 85 87 56
29 81 4 82 38 73 -1 31 88 5 74 25
81 61 50 55 28 35 31 -1 73 20 39 8
48 60 73 7 13 20 88 73 -1 98 50 5
67 66 9 25 91 85 5 20 98 -1 37 82
37 55 68 70 2 87 74 39 50 37 -1 16
2 3 90 83 44 56 25 8 5 82 16 -1