11
-1 22 55 48 14 51 51 51 4 51 77
22 -1 7 59 66 10 93 65 51 50 8
55 7 -1 88 88 28 10 67 47 46 38
48 59 88 -1 36 7 10 44 46 50 41
14 66 88 36 -1 96 1 13 13 54 88
51 10 28 7 96 -1 98 64 13 97 60
51 93 10 10 1 98 -1 1 8 48 91
51 65 67 44 13 64 1 -1 45 89 92
4 51 47 46 13 13 8 45 -1 85 66
51 50 46 50 54 97 48 89 85 -1 9
77 8 38 41 88 60 91 92 66 9 -1