11
-1 63 76 34 100 54 58 72 38 52 60
63 -1 56 50 9 91 86 100 73 80 76
76 56 -1 4 42 83 95 38 91 31 25
34 50 4 -1 8 52 60 87 84 99 46
100 9 42 8 -1 92 75 79 73 63 36
54 91 83 52 92 -1 92 9 69 25 16
58 86 95 60 75 92 -1 17 24 37 21
72 100 38 87 79 9 17 -1 74 86 29
38 73 91 84 73 69 24 74 -1 37 80
52 80 31 99 63 25 37 86 37 -1 37
60 76 25 46 36 16 21 29 80 37 -1