8
-1 8 36 67 57 1 66 49
8 -1 18 1 69 95 9 65
36 18 -1 42 26 52 89 25
67 1 42 -1 68 55 64 63
57 69 26 68 -1 51 42 87
1 95 52 55 51 -1 91 18
66 9 89 64 42 91 -1 74
49 65 25 63 87 18 74 -1