12
-1 25 54 66 62 5 96 55 93 77 83 77
25 -1 87 92 17 34 70 40 88 56 62 86
54 87 -1 77 9 33 10 6 34 98 51 42
66 92 77 -1 19 45 96 3 74 27 57 18
62 17 9 19 -1 86 41 82 22 23 90 61
5 34 33 45 86 -1 3 69 71 93 53 65
96 70 10 96 41 3 -1 35 27 37 11 25
55 40 6 3 82 69 35 -1 91 81 49 75
93 88 34 74 22 71 27 91 -1 30 33 77
77 56 98 27 23 93 37 81 30 -1 17 99
83 62 51 57 90 53 11 49 33 17 -1 41
77 86 42 18 61 65 25 75 77 99 41 -1

 sum_min=197