6
-1 85 78 69 15 44
85 -1 32 44 71 54
78 32 -1 30 17 8
69 44 30 -1 77 77
15 71 17 77 -1 17
44 54 8 77 17 -1