8
-1 81 25 47 99 73 78 7
81 -1 14 95 58 6 59 5
25 14 -1 93 55 72 79 64
47 95 93 -1 11 51 43 12
99 58 55 11 -1 5 43 41
73 6 72 51 5 -1 48 2
78 59 79 43 43 48 -1 66
7 5 64 12 41 2 66 -1