13
-1 36 22 84 36 79 8 74 70 69 53 70 9
36 -1 96 91 60 46 66 4 49 86 51 39 13
22 96 -1 32 42 59 5 51 52 16 3 57 67
84 91 32 -1 29 66 29 44 98 58 2 67 100
36 60 42 29 -1 63 71 27 11 12 75 87 76
79 46 59 66 63 -1 10 70 40 4 6 9 59
8 66 5 29 71 10 -1 79 44 33 22 37 14
74 4 51 44 27 70 79 -1 59 50 52 78 22
70 49 52 98 11 40 44 59 -1 66 92 38 76
69 86 16 58 12 4 33 50 66 -1 32 67 53
53 51 3 2 75 6 22 52 92 32 -1 8 3
70 39 57 67 87 9 37 78 38 67 8 -1 3
9 13 67 100 76 59 14 22 76 53 3 3 -1