7
-1 52 45 33 81 92 59
52 -1 9 86 71 14 36
45 9 -1 63 23 80 86
33 86 63 -1 50 42 25
81 71 23 50 -1 6 7
92 14 80 42 6 -1 99
59 36 86 25 7 99 -1