12
-1 25 62 17 58 86 39 31 44 98 23 40
25 -1 99 2 35 49 13 78 14 40 93 28
62 99 -1 81 49 81 48 48 36 77 37 68
17 2 81 -1 42 57 15 89 37 67 65 90
58 35 49 42 -1 52 6 18 13 38 90 1
86 49 81 57 52 -1 98 92 66 61 88 46
39 13 48 15 6 98 -1 91 12 28 78 82
31 78 48 89 18 92 91 -1 52 66 12 36
44 14 36 37 13 66 12 52 -1 63 13 47
98 40 77 67 38 61 28 66 63 -1 37 82
23 93 37 65 90 88 78 12 13 37 -1 60
40 28 68 90 1 46 82 36 47 82 60 -1