11
-1 3 37 86 21 89 43 2 31 38 98
3 -1 1 71 69 69 79 31 86 47 22
37 1 -1 41 96 26 90 96 94 74 27
86 71 41 -1 32 23 88 85 40 9 51
21 69 96 32 -1 48 49 27 27 70 90
89 69 26 23 48 -1 62 35 22 97 27
43 79 90 88 49 62 -1 15 24 53 38
2 31 96 85 27 35 15 -1 53 66 85
31 86 94 40 27 22 24 53 -1 67 87
38 47 74 9 70 97 53 66 67 -1 100
98 22 27 51 90 27 38 85 87 100 -1