15
-1 50 99 5 47 100 86 4 47 77 6 84 56 5 82
50 -1 97 34 41 95 66 49 39 31 72 51 32 20 88
99 97 -1 63 7 67 82 94 27 66 2 90 39 84 9
5 34 63 -1 25 49 47 73 79 28 20 60 73 47 83
47 41 7 25 -1 91 36 89 45 61 37 17 100 41 33
100 95 67 49 91 -1 99 61 51 29 14 67 99 84 99
86 66 82 47 36 99 -1 4 31 60 50 75 77 12 11
4 49 94 73 89 61 4 -1 81 60 53 23 71 35 54
47 39 27 79 45 51 31 81 -1 77 12 4 23 54 10
77 31 66 28 61 29 60 60 77 -1 45 22 52 26 36
6 72 2 20 37 14 50 53 12 45 -1 75 34 14 42
84 51 90 60 17 67 75 23 4 22 75 -1 62 77 95
56 32 39 73 100 99 77 71 23 52 34 62 -1 7 42
5 20 84 47 41 84 12 35 54 26 14 77 7 -1 39
82 88 9 83 33 99 11 54 10 36 42 95 42 39 -1