7
-1 93 55 17 99 20 23
93 -1 5 54 84 95 44
55 5 -1 29 17 81 56
17 54 29 -1 78 85 87
99 84 17 78 -1 60 71
20 95 81 85 60 -1 39
23 44 56 87 71 39 -1