13
-1 7 80 94 30 60 55 18 6 69 4 61 9
7 -1 94 25 42 36 92 96 98 80 18 32 21
80 94 -1 80 32 1 53 82 13 57 81 42 56
94 25 80 -1 89 14 50 43 31 41 38 73 93
30 42 32 89 -1 84 98 87 54 2 20 29 12
60 36 1 14 84 -1 66 94 16 46 99 91 10
55 92 53 50 98 66 -1 96 73 5 99 61 43
18 96 82 43 87 94 96 -1 52 32 53 85 56
6 98 13 31 54 16 73 52 -1 56 69 59 1
69 80 57 41 2 46 5 32 56 -1 42 26 19
4 18 81 38 20 99 99 53 69 42 -1 47 69
61 32 42 73 29 91 61 85 59 26 47 -1 20
9 21 56 93 12 10 43 56 1 19 69 20 -1