7
-1 2 70 28 81 30 40
2 -1 41 84 29 5 82
70 41 -1 17 94 73 48
28 84 17 -1 46 69 47
81 29 94 46 -1 75 78
30 5 73 69 75 -1 87
40 82 48 47 78 87 -1