8
-1 6 10 69 36 67 22 41
6 -1 20 72 67 97 26 93
10 20 -1 19 18 22 76 30
69 72 19 -1 38 30 14 23
36 67 18 38 -1 57 85 5
67 97 22 30 57 -1 73 17
22 26 76 14 85 73 -1 33
41 93 30 23 5 17 33 -1