14
-1 98 12 5 4 40 29 91 27 63 83 46 70 69
98 -1 86 44 44 49 80 68 35 13 27 44 56 22
12 86 -1 17 37 37 42 14 100 43 65 45 23 85
5 44 17 -1 74 33 21 49 42 8 44 59 25 86
4 44 37 74 -1 6 78 2 85 58 94 49 97 45
40 49 37 33 6 -1 47 41 91 91 46 18 41 63
29 80 42 21 78 47 -1 4 78 96 44 12 5 6
91 68 14 49 2 41 4 -1 26 41 71 76 98 44
27 35 100 42 85 91 78 26 -1 48 72 29 24 6
63 13 43 8 58 91 96 41 48 -1 91 6 46 35
83 27 65 44 94 46 44 71 72 91 -1 29 2 61
46 44 45 59 49 18 12 76 29 6 29 -1 53 56
70 56 23 25 97 41 5 98 24 46 2 53 -1 19
69 22 85 86 45 63 6 44 6 35 61 56 19 -1