15
-1 20 61 86 17 7 96 94 49 94 48 100 84 56 87
20 -1 42 74 85 62 40 93 40 42 71 73 41 5 77
61 42 -1 13 49 63 7 48 52 59 5 53 85 9 25
86 74 13 -1 1 59 26 62 69 72 53 86 2 15 32
17 85 49 1 -1 68 70 58 54 61 70 65 34 47 89
7 62 63 59 68 -1 11 14 9 70 97 66 99 13 24
96 40 7 26 70 11 -1 63 87 37 98 68 7 55 34
94 93 48 62 58 14 63 -1 13 5 2 21 58 36 93
49 40 52 69 54 9 87 13 -1 63 91 74 40 23 72
94 42 59 72 61 70 37 5 63 -1 1 37 19 6 49
48 71 5 53 70 97 98 2 91 1 -1 81 1 57 33
100 73 53 86 65 66 68 21 74 37 81 -1 98 60 17
84 41 85 2 34 99 7 58 40 19 1 98 -1 58 62
56 5 9 15 47 13 55 36 23 6 57 60 58 -1 26
87 77 25 32 89 24 34 93 72 49 33 17 62 26 -1