10
-1 61 43 54 82 94 93 67 9 18
61 -1 17 10 79 86 29 68 22 12
43 17 -1 10 46 49 77 100 68 35
54 10 10 -1 88 78 82 6 80 32
82 79 46 88 -1 28 52 43 38 70
94 86 49 78 28 -1 17 18 42 43
93 29 77 82 52 17 -1 54 90 82
67 68 100 6 43 18 54 -1 80 19
9 22 68 80 38 42 90 80 -1 29
18 12 35 32 70 43 82 19 29 -1