7
-1 11 20 70 39 43 29
11 -1 25 18 49 67 80
20 25 -1 35 86 65 88
70 18 35 -1 89 54 26
39 49 86 89 -1 71 65
43 67 65 54 71 -1 79
29 80 88 26 65 79 -1
