8
-1 91 84 59 24 80 54 81
91 -1 14 65 33 12 94 77
84 14 -1 67 55 92 79 58
59 65 67 -1 97 92 71 20
24 33 55 97 -1 12 57 2
80 12 92 92 12 -1 84 87
54 94 79 71 57 84 -1 33
81 77 58 20 2 87 33 -1

 sum_min=236