13
-1 49 81 4 37 33 74 95 56 50 38 49 73
49 -1 18 43 99 70 88 9 43 7 43 99 71
81 18 -1 89 26 4 39 93 98 17 51 68 29
4 43 89 -1 50 28 35 79 83 97 11 64 47
37 99 26 50 -1 24 25 60 78 53 75 62 79
33 70 4 28 24 -1 74 7 10 14 16 4 44
74 88 39 35 25 74 -1 24 22 18 33 72 94
95 9 93 79 60 7 24 -1 69 84 65 62 59
56 43 98 83 78 10 22 69 -1 54 45 62 20
50 7 17 97 53 14 18 84 54 -1 20 3 67
38 43 51 11 75 16 33 65 45 20 -1 68 3
49 99 68 64 62 4 72 62 62 3 68 -1 2
73 71 29 47 79 44 94 59 20 67 3 2 -1