13
-1 57 93 96 90 79 94 44 69 15 70 18 31
57 -1 77 59 48 62 100 87 44 43 79 49 75
93 77 -1 86 98 90 8 17 78 5 69 88 37
96 59 86 -1 33 52 45 94 26 89 66 84 27
90 48 98 33 -1 62 7 35 100 24 49 92 91
79 62 90 52 62 -1 46 52 83 89 38 99 78
94 100 8 45 7 46 -1 17 30 77 71 60 55
44 87 17 94 35 52 17 -1 55 96 53 37 90
69 44 78 26 100 83 30 55 -1 8 53 16 30
15 43 5 89 24 89 77 96 8 -1 20 69 93
70 79 69 66 49 38 71 53 53 20 -1 18 82
18 49 88 84 92 99 60 37 16 69 18 -1 80
31 75 37 27 91 78 55 90 30 93 82 80 -1