13
-1 11 8 12 92 4 1 18 18 84 78 44 10
11 -1 67 5 16 12 59 21 45 61 12 88 70
8 67 -1 27 77 90 41 10 25 82 19 92 16
12 5 27 -1 42 21 44 38 80 63 34 7 33
92 16 77 42 -1 4 94 74 71 95 29 78 39
4 12 90 21 4 -1 91 42 58 1 99 7 27
1 59 41 44 94 91 -1 71 32 58 12 94 77
18 21 10 38 74 42 71 -1 8 90 32 63 71
18 45 25 80 71 58 32 8 -1 67 85 76 83
84 61 82 63 95 1 58 90 67 -1 21 77 54
78 12 19 34 29 99 12 32 85 21 -1 33 46
44 88 92 7 78 7 94 63 76 77 33 -1 23
10 70 16 33 39 27 77 71 83 54 46 23 -1