7
-1 70 91 96 50 89 50
70 -1 78 64 96 58 37
91 78 -1 62 97 7 1
96 64 62 -1 96 95 34
50 96 97 96 -1 89 16
89 58 7 95 89 -1 45
50 37 1 34 16 45 -1