10
-1 5 81 98 73 53 75 65 100 7
5 -1 53 89 49 89 33 23 90 89
81 53 -1 87 83 47 48 40 100 69
98 89 87 -1 51 13 19 42 77 66
73 49 83 51 -1 51 42 23 63 30
53 89 47 13 51 -1 58 53 53 84
75 33 48 19 42 58 -1 84 9 5
65 23 40 42 23 53 84 -1 61 43
100 90 100 77 63 53 9 61 -1 46
7 89 69 66 30 84 5 43 46 -1