11
-1 15 18 62 54 73 5 27 9 18 2
15 -1 58 34 62 29 11 28 10 47 53
18 58 -1 79 58 55 54 45 3 23 31
62 34 79 -1 63 16 80 79 24 41 30
54 62 58 63 -1 50 85 27 30 73 59
73 29 55 16 50 -1 22 93 97 25 25
5 11 54 80 85 22 -1 18 55 60 76
27 28 45 79 27 93 18 -1 2 38 31
9 10 3 24 30 97 55 2 -1 84 60
18 47 23 41 73 25 60 38 84 -1 22
2 53 31 30 59 25 76 31 60 22 -1