7
-1 6 30 60 62 58 78
6 -1 90 99 32 37 57
30 90 -1 58 90 92 89
60 99 58 -1 8 15 28
62 32 90 8 -1 38 98
58 37 92 15 38 -1 52
78 57 89 28 98 52 -1