7
-1 3 36 99 24 55 100
3 -1 10 82 62 32 92
36 10 -1 9 19 78 12
99 82 9 -1 73 85 78
24 62 19 73 -1 96 60
55 32 78 85 96 -1 69
100 92 12 78 60 69 -1