14
-1 62 64 16 65 66 9 8 43 24 59 30 19 42
62 -1 42 78 2 51 53 14 13 12 88 84 99 46
64 42 -1 57 9 25 9 96 57 75 39 84 94 8
16 78 57 -1 67 60 35 83 94 36 93 45 2 73
65 2 9 67 -1 77 77 98 27 44 43 20 58 31
66 51 25 60 77 -1 28 13 34 83 80 31 28 4
9 53 9 35 77 28 -1 32 76 60 75 29 52 56
8 14 96 83 98 13 32 -1 14 71 41 38 72 13
43 13 57 94 27 34 76 14 -1 79 1 46 28 78
24 12 75 36 44 83 60 71 79 -1 6 83 10 18
59 88 39 93 43 80 75 41 1 6 -1 14 7 71
30 84 84 45 20 31 29 38 46 83 14 -1 60 74
19 99 94 2 58 28 52 72 28 10 7 60 -1 18
42 46 8 73 31 4 56 13 78 18 71 74 18 -1