10
-1 84 21 13 38 84 73 78 74 60
84 -1 49 94 83 43 43 89 82 78
21 49 -1 56 40 30 47 82 7 69
13 94 56 -1 66 55 91 14 50 27
38 83 40 66 -1 72 8 36 71 82
84 43 30 55 72 -1 94 63 2 2
73 43 47 91 8 94 -1 36 27 99
78 89 82 14 36 63 36 -1 17 85
74 82 7 50 71 2 27 17 -1 90
60 78 69 27 82 2 99 85 90 -1