15
-1 66 13 58 70 32 5 60 27 5 49 37 26 31 24
66 -1 26 27 33 89 6 37 46 38 3 20 3 20 100
13 26 -1 44 48 34 23 98 58 50 25 88 85 58 99
58 27 44 -1 53 17 22 43 84 31 79 66 43 67 71
70 33 48 53 -1 7 75 30 47 35 3 86 90 98 7
32 89 34 17 7 -1 28 91 14 61 50 59 23 12 7
5 6 23 22 75 28 -1 29 89 68 35 83 81 97 21
60 37 98 43 30 91 29 -1 61 25 48 98 17 84 91
27 46 58 84 47 14 89 61 -1 75 34 57 77 20 65
5 38 50 31 35 61 68 25 75 -1 98 12 67 14 83
49 3 25 79 3 50 35 48 34 98 -1 17 13 72 17
37 20 88 66 86 59 83 98 57 12 17 -1 28 13 90
26 3 85 43 90 23 81 17 77 67 13 28 -1 82 21
31 20 58 67 98 12 97 84 20 14 72 13 82 -1 66
24 100 99 71 7 7 21 91 65 83 17 90 21 66 -1