6
-1 36 32 100 15 49
36 -1 47 68 12 81
32 47 -1 49 77 92
100 68 49 -1 8 46
15 12 77 8 -1 79
49 81 92 46 79 -1