14
-1 3 66 82 61 1 60 64 47 77 84 31 43 54
3 -1 77 91 47 87 5 40 43 28 81 74 63 100
66 77 -1 55 62 18 44 75 38 42 89 3 15 40
82 91 55 -1 11 48 90 44 7 22 86 60 47 82
61 47 62 11 -1 88 61 33 30 63 44 91 11 1
1 87 18 48 88 -1 10 73 3 12 63 2 13 90
60 5 44 90 61 10 -1 85 37 19 70 3 69 29
64 40 75 44 33 73 85 -1 58 94 1 11 37 1
47 43 38 7 30 3 37 58 -1 86 21 19 42 32
77 28 42 22 63 12 19 94 86 -1 99 10 51 79
84 81 89 86 44 63 70 1 21 99 -1 24 47 55
31 74 3 60 91 2 3 11 19 10 24 -1 22 65
43 63 15 47 11 13 69 37 42 51 47 22 -1 86
54 100 40 82 1 90 29 1 32 79 55 65 86 -1