9
-1 2 5 11 69 82 26 74 75
2 -1 46 46 77 80 8 85 23
5 46 -1 28 6 87 39 28 7
11 46 28 -1 46 31 95 66 96
69 77 6 46 -1 99 32 22 40
82 80 87 31 99 -1 52 32 65
26 8 39 95 32 52 -1 56 20
74 85 28 66 22 32 56 -1 5
75 23 7 96 40 65 20 5 -1