12
-1 21 96 98 96 89 80 62 18 17 67 53
21 -1 37 14 75 1 22 1 88 71 76 4
96 37 -1 90 61 75 89 81 84 62 71 41
98 14 90 -1 89 80 15 57 57 41 6 6
96 75 61 89 -1 48 91 51 70 100 38 40
89 1 75 80 48 -1 87 21 55 4 10 84
80 22 89 15 91 87 -1 93 36 2 16 92
62 1 81 57 51 21 93 -1 61 59 19 42
18 88 84 57 70 55 36 61 -1 12 78 71
17 71 62 41 100 4 2 59 12 -1 52 13
67 76 71 6 38 10 16 19 78 52 -1 11
53 4 41 6 40 84 92 42 71 13 11 -1