9
-1 23 33 58 5 47 28 17 26
23 -1 100 81 84 40 84 25 17
33 100 -1 24 81 22 91 53 86
58 81 24 -1 61 78 73 68 77
5 84 81 61 -1 44 34 53 58
47 40 22 78 44 -1 14 6 93
28 84 91 73 34 14 -1 82 6
17 25 53 68 53 6 82 -1 47
26 17 86 77 58 93 6 47 -1