9
-1 10 55 89 50 72 91 53 43
10 -1 32 75 24 40 72 86 87
55 32 -1 78 99 67 95 89 12
89 75 78 -1 21 21 58 46 48
50 24 99 21 -1 46 22 56 45
72 40 67 21 46 -1 59 87 62
91 72 95 58 22 59 -1 38 38
53 86 89 46 56 87 38 -1 76
43 87 12 48 45 62 38 76 -1