9
-1 29 89 1 4 86 55 89 51
29 -1 55 14 12 13 13 58 35
89 55 -1 41 64 3 28 90 60
1 14 41 -1 59 56 87 78 34
4 12 64 59 -1 59 38 2 5
86 13 3 56 59 -1 84 63 26
55 13 28 87 38 84 -1 1 83
89 58 90 78 2 63 1 -1 7
51 35 60 34 5 26 83 7 -1