12
-1 58 66 73 30 50 100 24 16 20 9 76
58 -1 99 22 26 1 15 83 95 34 90 7
66 99 -1 82 35 27 50 88 83 57 17 82
73 22 82 -1 32 88 27 54 58 66 10 5
30 26 35 32 -1 92 6 26 38 11 72 4
50 1 27 88 92 -1 71 34 84 55 76 65
100 15 50 27 6 71 -1 28 65 95 3 23
24 83 88 54 26 34 28 -1 74 93 87 38
16 95 83 58 38 84 65 74 -1 80 55 43
20 34 57 66 11 55 95 93 80 -1 67 35
9 90 17 10 72 76 3 87 55 67 -1 51
76 7 82 5 4 65 23 38 43 35 51 -1