9
-1 23 14 24 68 29 61 84 80
23 -1 87 79 49 42 28 65 66
14 87 -1 25 56 77 99 39 65
24 79 25 -1 94 71 11 34 74
68 49 56 94 -1 48 98 22 84
29 42 77 71 48 -1 53 95 90
61 28 99 11 98 53 -1 4 50
84 65 39 34 22 95 4 -1 14
80 66 65 74 84 90 50 14 -1