10
-1 94 71 36 25 52 76 78 71 1
94 -1 37 36 52 89 30 38 21 85
71 37 -1 87 62 52 20 95 56 36
36 36 87 -1 69 85 57 77 43 51
25 52 62 69 -1 84 66 76 99 59
52 89 52 85 84 -1 95 22 82 38
76 30 20 57 66 95 -1 16 78 91
78 38 95 77 76 22 16 -1 36 45
71 21 56 43 99 82 78 36 -1 80
1 85 36 51 59 38 91 45 80 -1