6
-1 22 48 30 17 14
22 -1 28 97 6 29
48 28 -1 11 91 31
30 97 11 -1 52 65
17 6 91 52 -1 96
14 29 31 65 96 -1
