7
-1 55 54 97 93 14 64
55 -1 7 64 4 60 80
54 7 -1 15 68 48 74
97 64 15 -1 44 76 44
93 4 68 44 -1 12 26
14 60 48 76 12 -1 85
64 80 74 44 26 85 -1