11
-1 81 3 31 8 55 61 56 72 25 22
81 -1 38 46 9 91 30 24 16 32 46
3 38 -1 43 39 70 56 37 57 60 35
31 46 43 -1 91 85 13 47 66 37 84
8 9 39 91 -1 61 43 87 38 89 15
55 91 70 85 61 -1 74 68 81 20 46
61 30 56 13 43 74 -1 70 3 8 69
56 24 37 47 87 68 70 -1 70 68 1
72 16 57 66 38 81 3 70 -1 68 6
25 32 60 37 89 20 8 68 68 -1 76
22 46 35 84 15 46 69 1 6 76 -1