13
-1 56 82 34 80 38 43 43 67 88 9 75 1
56 -1 90 67 59 85 5 99 25 22 65 37 9
82 90 -1 74 98 33 20 22 99 6 74 21 29
34 67 74 -1 69 51 7 81 39 53 96 32 68
80 59 98 69 -1 61 19 38 90 15 71 38 55
38 85 33 51 61 -1 68 66 14 31 99 80 73
43 5 20 7 19 68 -1 1 66 68 29 13 22
43 99 22 81 38 66 1 -1 89 3 2 89 2
67 25 99 39 90 14 66 89 -1 99 73 8 26
88 22 6 53 15 31 68 3 99 -1 84 58 68
9 65 74 96 71 99 29 2 73 84 -1 9 30
75 37 21 32 38 80 13 89 8 58 9 -1 32
1 9 29 68 55 73 22 2 26 68 30 32 -1