6
-1 47 1 33 22 92
47 -1 51 91 100 35
1 51 -1 12 66 62
33 91 12 -1 9 31
22 100 66 9 -1 58
92 35 62 31 58 -1