14
-1 41 40 85 86 94 3 97 42 100 26 56 83 63
41 -1 6 65 71 27 33 72 99 19 9 27 35 48
40 6 -1 22 20 15 90 33 10 34 47 1 64 63
85 65 22 -1 86 65 14 5 85 39 78 81 19 65
86 71 20 86 -1 58 85 32 6 11 22 40 5 81
94 27 15 65 58 -1 49 78 11 42 54 83 87 8
3 33 90 14 85 49 -1 54 99 41 60 94 85 87
97 72 33 5 32 78 54 -1 58 23 35 51 93 50
42 99 10 85 6 11 99 58 -1 73 82 60 10 36
100 19 34 39 11 42 41 23 73 -1 85 88 53 54
26 9 47 78 22 54 60 35 82 85 -1 14 31 32
56 27 1 81 40 83 94 51 60 88 14 -1 99 24
83 35 64 19 5 87 85 93 10 53 31 99 -1 30
63 48 63 65 81 8 87 50 36 54 32 24 30 -1