14
-1 98 33 61 78 56 71 77 28 11 58 21 76 70
98 -1 81 49 94 11 75 3 73 99 1 51 50 36
33 81 -1 79 42 23 10 59 94 98 98 63 31 93
61 49 79 -1 47 57 24 49 35 45 66 84 16 31
78 94 42 47 -1 69 99 83 41 91 22 91 91 76
56 11 23 57 69 -1 73 73 46 29 31 86 47 6
71 75 10 24 99 73 -1 100 72 68 40 60 59 61
77 3 59 49 83 73 100 -1 74 36 30 91 78 7
28 73 94 35 41 46 72 74 -1 9 87 17 43 22
11 99 98 45 91 29 68 36 9 -1 1 58 86 16
58 1 98 66 22 31 40 30 87 1 -1 29 20 78
21 51 63 84 91 86 60 91 17 58 29 -1 24 51
76 50 31 16 91 47 59 78 43 86 20 24 -1 57
70 36 93 31 76 6 61 7 22 16 78 51 57 -1