8
-1 15 65 8 12 81 68 13
15 -1 59 46 22 84 43 87
65 59 -1 53 8 65 6 63
8 46 53 -1 83 1 73 92
12 22 8 83 -1 67 34 24
81 84 65 1 67 -1 87 14
68 43 6 73 34 87 -1 92
13 87 63 92 24 14 92 -1