11
-1 44 91 38 43 25 16 28 91 95 91
44 -1 19 65 67 14 73 25 5 25 20
91 19 -1 91 82 58 53 34 55 82 63
38 65 91 -1 7 18 13 89 32 44 34
43 67 82 7 -1 20 58 60 56 16 42
25 14 58 18 20 -1 51 21 93 5 20
16 73 53 13 58 51 -1 78 19 64 65
28 25 34 89 60 21 78 -1 84 73 12
91 5 55 32 56 93 19 84 -1 23 19
95 25 82 44 16 5 64 73 23 -1 99
91 20 63 34 42 20 65 12 19 99 -1