15
-1 15 49 94 28 39 79 81 63 86 61 29 17 75 60
15 -1 62 67 45 55 75 84 91 8 78 89 86 73 46
49 62 -1 59 59 77 68 100 85 58 30 5 29 49 28
94 67 59 -1 75 48 82 66 55 88 37 31 55 48 99
28 45 59 75 -1 2 16 82 28 87 99 52 22 37 35
39 55 77 48 2 -1 75 31 7 69 43 97 16 32 68
79 75 68 82 16 75 -1 26 89 96 30 7 22 1 95
81 84 100 66 82 31 26 -1 93 78 4 84 41 76 93
63 91 85 55 28 7 89 93 -1 22 57 17 14 80 53
86 8 58 88 87 69 96 78 22 -1 25 98 33 24 53
61 78 30 37 99 43 30 4 57 25 -1 56 60 89 11
29 89 5 31 52 97 7 84 17 98 56 -1 60 47 21
17 86 29 55 22 16 22 41 14 33 60 60 -1 43 25
75 73 49 48 37 32 1 76 80 24 89 47 43 -1 92
60 46 28 99 35 68 95 93 53 53 11 21 25 92 -1