11
-1 9 36 85 49 59 24 25 85 96 50
9 -1 19 95 52 76 66 11 44 96 72
36 19 -1 57 64 80 68 22 27 88 67
85 95 57 -1 29 33 20 60 7 10 70
49 52 64 29 -1 3 82 18 24 67 77
59 76 80 33 3 -1 26 68 42 40 59
24 66 68 20 82 26 -1 73 4 35 70
25 11 22 60 18 68 73 -1 60 57 84
85 44 27 7 24 42 4 60 -1 32 19
96 96 88 10 67 40 35 57 32 -1 18
50 72 67 70 77 59 70 84 19 18 -1