12
-1 79 27 93 18 26 35 80 13 90 96 48
79 -1 39 72 98 25 5 48 97 61 43 64
27 39 -1 98 33 61 82 14 73 66 20 27
93 72 98 -1 1 52 87 1 37 21 89 34
18 98 33 1 -1 90 79 69 24 38 78 83
26 25 61 52 90 -1 76 1 59 33 43 59
35 5 82 87 79 76 -1 41 80 54 72 53
80 48 14 1 69 1 41 -1 28 65 41 57
13 97 73 37 24 59 80 28 -1 78 36 82
90 61 66 21 38 33 54 65 78 -1 62 88
96 43 20 89 78 43 72 41 36 62 -1 3
48 64 27 34 83 59 53 57 82 88 3 -1