7
-1 32 92 1 32 47 74
32 -1 36 79 50 51 73
92 36 -1 40 50 61 45
1 79 40 -1 5 22 90
32 50 50 5 -1 77 42
47 51 61 22 77 -1 54
74 73 45 90 42 54 -1