8
-1 43 20 43 64 89 65 92
43 -1 88 38 47 94 7 72
20 88 -1 47 53 11 45 1
43 38 47 -1 33 87 17 11
64 47 53 33 -1 50 44 28
89 94 11 87 50 -1 62 19
65 7 45 17 44 62 -1 82
92 72 1 11 28 19 82 -1