7
-1 21 36 48 32 20 26
21 -1 12 40 61 73 89
36 12 -1 89 95 72 9
48 40 89 -1 17 18 76
32 61 95 17 -1 69 98
20 73 72 18 69 -1 12
26 89 9 76 98 12 -1