8
-1 21 28 100 67 79 25 42
21 -1 53 45 35 69 55 36
28 53 -1 21 32 16 8 86
100 45 21 -1 28 57 99 30
67 35 32 28 -1 90 7 62
79 69 16 57 90 -1 91 13
25 55 8 99 7 91 -1 45
42 36 86 30 62 13 45 -1