10
-1 97 58 88 47 25 9 91 62 47
97 -1 21 69 85 80 29 17 13 72
58 21 -1 19 70 90 71 28 20 1
88 69 19 -1 87 7 34 70 56 2
47 85 70 87 -1 87 87 2 43 52
25 80 90 7 87 -1 25 38 10 11
9 29 71 34 87 25 -1 32 9 11
91 17 28 70 2 38 32 -1 74 39
62 13 20 56 43 10 9 74 -1 65
47 72 1 2 52 11 11 39 65 -1