6
-1 86 42 27 24 64
86 -1 59 62 85 14
42 59 -1 93 11 92
27 62 93 -1 45 32
24 85 11 45 -1 32
64 14 92 32 32 -1