15
-1 92 14 100 45 54 70 89 78 42 75 4 32 57 36
92 -1 84 55 77 23 2 53 14 71 72 60 31 43 70
14 84 -1 32 86 80 57 3 19 2 89 2 54 58 69
100 55 32 -1 18 2 39 58 75 37 19 100 50 7 52
45 77 86 18 -1 78 43 13 38 100 40 79 61 12 18
54 23 80 2 78 -1 15 52 71 85 81 91 31 61 80
70 2 57 39 43 15 -1 40 15 19 82 41 34 60 84
89 53 3 58 13 52 40 -1 24 51 44 9 68 83 22
78 14 19 75 38 71 15 24 -1 38 51 40 44 8 89
42 71 2 37 100 85 19 51 38 -1 3 7 33 9 57
75 72 89 19 40 81 82 44 51 3 -1 14 42 83 73
4 60 2 100 79 91 41 9 40 7 14 -1 2 32 69
32 31 54 50 61 31 34 68 44 33 42 2 -1 4 66
57 43 58 7 12 61 60 83 8 9 83 32 4 -1 9
36 70 69 52 18 80 84 22 89 57 73 69 66 9 -1