14
-1 12 86 13 58 75 55 68 99 57 79 71 79 83
12 -1 21 86 63 1 29 62 77 41 7 99 57 64
86 21 -1 5 82 20 56 13 2 30 68 79 99 28
13 86 5 -1 78 47 50 83 82 27 95 99 77 8
58 63 82 78 -1 71 64 43 3 59 73 36 14 8
75 1 20 47 71 -1 49 20 67 29 94 12 59 72
55 29 56 50 64 49 -1 85 17 39 64 59 18 18
68 62 13 83 43 20 85 -1 2 70 95 53 75 42
99 77 2 82 3 67 17 2 -1 70 84 59 54 92
57 41 30 27 59 29 39 70 70 -1 71 14 36 63
79 7 68 95 73 94 64 95 84 71 -1 81 17 74
71 99 79 99 36 12 59 53 59 14 81 -1 64 6
79 57 99 77 14 59 18 75 54 36 17 64 -1 62
83 64 28 8 8 72 18 42 92 63 74 6 62 -1