8
-1 57 53 66 12 75 68 83
57 -1 3 35 4 53 9 81
53 3 -1 24 61 82 17 2
66 35 24 -1 59 83 65 72
12 4 61 59 -1 74 15 30
75 53 82 83 74 -1 91 55
68 9 17 65 15 91 -1 25
83 81 2 72 30 55 25 -1