10
-1 88 100 65 23 7 20 80 80 55
88 -1 76 57 49 36 40 17 67 47
100 76 -1 82 30 37 66 72 81 79
65 57 82 -1 9 16 73 40 53 19
23 49 30 9 -1 95 67 95 8 57
7 36 37 16 95 -1 19 50 12 79
20 40 66 73 67 19 -1 79 44 98
80 17 72 40 95 50 79 -1 18 37
80 67 81 53 8 12 44 18 -1 81
55 47 79 19 57 79 98 37 81 -1