8
-1 46 35 60 88 31 68 63
46 -1 94 97 84 66 96 56
35 94 -1 48 19 47 84 94
60 97 48 -1 39 25 61 89
88 84 19 39 -1 100 52 95
31 66 47 25 100 -1 18 55
68 96 84 61 52 18 -1 91
63 56 94 89 95 55 91 -1