13
-1 6 83 54 51 33 63 88 34 98 44 72 79
6 -1 34 50 76 52 10 49 21 16 30 92 54
83 34 -1 32 86 29 94 54 24 84 95 1 88
54 50 32 -1 4 70 11 92 37 43 81 96 81
51 76 86 4 -1 44 63 62 31 13 69 15 12
33 52 29 70 44 -1 29 77 45 70 91 35 58
63 10 94 11 63 29 -1 87 34 28 94 25 53
88 49 54 92 62 77 87 -1 96 36 79 62 36
34 21 24 37 31 45 34 96 -1 45 9 97 56
98 16 84 43 13 70 28 36 45 -1 27 74 34
44 30 95 81 69 91 94 79 9 27 -1 19 38
72 92 1 96 15 35 25 62 97 74 19 -1 52
79 54 88 81 12 58 53 36 56 34 38 52 -1