9
-1 54 55 88 55 35 90 56 79
54 -1 53 73 86 14 23 27 72
55 53 -1 49 90 32 74 47 94
88 73 49 -1 43 37 29 35 85
55 86 90 43 -1 4 64 39 97
35 14 32 37 4 -1 96 40 35
90 23 74 29 64 96 -1 27 12
56 27 47 35 39 40 27 -1 61
79 72 94 85 97 35 12 61 -1