11
-1 19 29 16 99 26 38 39 85 71 74
19 -1 10 44 9 71 76 91 56 29 34
29 10 -1 74 9 35 2 82 32 92 71
16 44 74 -1 39 15 37 23 98 7 99
99 9 9 39 -1 79 54 22 18 94 51
26 71 35 15 79 -1 8 52 32 82 27
38 76 2 37 54 8 -1 100 85 14 11
39 91 82 23 22 52 100 -1 1 8 34
85 56 32 98 18 32 85 1 -1 76 97
71 29 92 7 94 82 14 8 76 -1 54
74 34 71 99 51 27 11 34 97 54 -1