14
-1 89 33 78 66 87 49 58 52 76 67 18 69 97
89 -1 91 46 51 20 21 35 70 9 6 52 43 84
33 91 -1 9 77 43 61 40 43 51 1 43 95 60
78 46 9 -1 91 39 35 22 57 60 89 32 89 7
66 51 77 91 -1 42 88 31 13 21 93 5 56 89
87 20 43 39 42 -1 97 84 92 74 53 90 41 13
49 21 61 35 88 97 -1 88 53 29 35 21 24 73
58 35 40 22 31 84 88 -1 39 38 12 98 70 87
52 70 43 57 13 92 53 39 -1 17 17 15 98 19
76 9 51 60 21 74 29 38 17 -1 94 65 15 87
67 6 1 89 93 53 35 12 17 94 -1 69 38 14
18 52 43 32 5 90 21 98 15 65 69 -1 54 15
69 43 95 89 56 41 24 70 98 15 38 54 -1 69
97 84 60 7 89 13 73 87 19 87 14 15 69 -1