9
-1 43 5 66 38 84 14 77 39
43 -1 11 55 63 50 36 99 79
5 11 -1 86 55 83 96 41 62
66 55 86 -1 16 37 55 59 77
38 63 55 16 -1 31 17 37 2
84 50 83 37 31 -1 98 46 91
14 36 96 55 17 98 -1 40 82
77 99 41 59 37 46 40 -1 71
39 79 62 77 2 91 82 71 -1