14
-1 68 63 62 19 80 56 65 65 83 27 15 42 91
68 -1 15 72 31 41 28 96 22 22 21 64 45 86
63 15 -1 32 93 58 69 81 78 93 75 48 85 29
62 72 32 -1 55 39 47 17 38 17 26 35 11 46
19 31 93 55 -1 95 64 67 21 51 89 39 49 87
80 41 58 39 95 -1 10 48 42 26 55 96 59 34
56 28 69 47 64 10 -1 76 39 38 81 99 70 48
65 96 81 17 67 48 76 -1 26 39 54 52 38 83
65 22 78 38 21 42 39 26 -1 26 91 93 95 53
83 22 93 17 51 26 38 39 26 -1 30 39 45 94
27 21 75 26 89 55 81 54 91 30 -1 61 7 45
15 64 48 35 39 96 99 52 93 39 61 -1 83 78
42 45 85 11 49 59 70 38 95 45 7 83 -1 81
91 86 29 46 87 34 48 83 53 94 45 78 81 -1