8
-1 3 63 92 60 63 94 43
3 -1 7 89 14 5 17 93
63 7 -1 32 73 76 54 30
92 89 32 -1 91 84 15 66
60 14 73 91 -1 54 29 99
63 5 76 84 54 -1 34 21
94 17 54 15 29 34 -1 23
43 93 30 66 99 21 23 -1