11
-1 1 96 97 60 87 59 4 32 61 94
1 -1 99 70 60 27 97 87 73 98 84
96 99 -1 33 69 99 20 23 25 74 90
97 70 33 -1 91 71 9 61 4 59 7
60 60 69 91 -1 65 60 67 23 67 2
87 27 99 71 65 -1 68 7 81 72 91
59 97 20 9 60 68 -1 91 17 26 88
4 87 23 61 67 7 91 -1 96 47 100
32 73 25 4 23 81 17 96 -1 84 80
61 98 74 59 67 72 26 47 84 -1 96
94 84 90 7 2 91 88 100 80 96 -1