8
-1 12 37 78 50 41 49 14
12 -1 18 49 47 35 41 49
37 18 -1 22 5 35 34 28
78 49 22 -1 30 73 67 2
50 47 5 30 -1 44 19 80
41 35 35 73 44 -1 90 84
49 41 34 67 19 90 -1 32
14 49 28 2 80 84 32 -1