10
-1 72 54 37 90 80 96 9 69 4
72 -1 35 6 62 76 15 59 15 61
54 35 -1 12 90 47 58 1 10 87
37 6 12 -1 82 87 40 75 63 64
90 62 90 82 -1 98 66 16 54 81
80 76 47 87 98 -1 70 18 33 32
96 15 58 40 66 70 -1 7 5 27
9 59 1 75 16 18 7 -1 99 62
69 15 10 63 54 33 5 99 -1 27
4 61 87 64 81 32 27 62 27 -1