13
-1 40 56 10 64 99 76 99 71 32 25 100 5
40 -1 45 93 85 93 46 21 62 60 90 36 64
56 45 -1 79 14 82 10 42 85 64 72 38 26
10 93 79 -1 67 14 35 84 96 22 77 36 92
64 85 14 67 -1 78 34 32 44 8 72 2 13
99 93 82 14 78 -1 91 63 44 33 59 90 42
76 46 10 35 34 91 -1 35 70 72 59 31 29
99 21 42 84 32 63 35 -1 66 53 59 33 56
71 62 85 96 44 44 70 66 -1 91 74 27 18
32 60 64 22 8 33 72 53 91 -1 11 38 18
25 90 72 77 72 59 59 59 74 11 -1 44 16
100 36 38 36 2 90 31 33 27 38 44 -1 15
5 64 26 92 13 42 29 56 18 18 16 15 -1