12
-1 83 98 42 42 6 56 55 16 37 98 81
83 -1 50 15 53 1 8 58 72 79 37 36
98 50 -1 33 30 86 78 14 77 76 68 99
42 15 33 -1 6 63 59 35 10 85 45 89
42 53 30 6 -1 57 61 50 84 5 74 41
6 1 86 63 57 -1 37 97 80 60 7 28
56 8 78 59 61 37 -1 16 7 46 33 8
55 58 14 35 50 97 16 -1 74 54 66 71
16 72 77 10 84 80 7 74 -1 61 1 44
37 79 76 85 5 60 46 54 61 -1 74 24
98 37 68 45 74 7 33 66 1 74 -1 4
81 36 99 89 41 28 8 71 44 24 4 -1