6
-1 64 91 51 7 21
64 -1 19 48 36 34
91 19 -1 16 33 32
51 48 16 -1 57 9
7 36 33 57 -1 10
21 34 32 9 10 -1