13
-1 26 17 42 74 36 52 27 59 22 65 19 49
26 -1 45 54 38 18 9 41 67 1 86 100 81
17 45 -1 36 3 1 85 6 5 16 10 42 25
42 54 36 -1 51 54 53 83 100 62 52 12 9
74 38 3 51 -1 30 10 99 22 43 92 46 87
36 18 1 54 30 -1 19 1 87 42 34 59 100
52 9 85 53 10 19 -1 72 62 54 30 15 30
27 41 6 83 99 1 72 -1 27 94 97 19 62
59 67 5 100 22 87 62 27 -1 33 28 64 72
22 1 16 62 43 42 54 94 33 -1 79 57 84
65 86 10 52 92 34 30 97 28 79 -1 48 100
19 100 42 12 46 59 15 19 64 57 48 -1 45
49 81 25 9 87 100 30 62 72 84 100 45 -1