13
-1 21 100 27 52 23 19 17 59 21 48 27 47
21 -1 54 1 1 49 23 74 35 16 12 45 9
100 54 -1 5 41 76 45 4 28 100 50 10 71
27 1 5 -1 70 54 77 64 83 73 39 30 17
52 1 41 70 -1 51 11 84 58 70 88 61 70
23 49 76 54 51 -1 91 73 50 9 98 2 71
19 23 45 77 11 91 -1 57 35 98 59 73 95
17 74 4 64 84 73 57 -1 77 23 15 70 71
59 35 28 83 58 50 35 77 -1 43 9 37 10
21 16 100 73 70 9 98 23 43 -1 29 50 27
48 12 50 39 88 98 59 15 9 29 -1 9 92
27 45 10 30 61 2 73 70 37 50 9 -1 32
47 9 71 17 70 71 95 71 10 27 92 32 -1