15
-1 39 97 10 89 46 25 67 6 22 74 77 37 79 43
39 -1 59 52 23 4 99 22 53 66 2 3 40 9 37
97 59 -1 92 15 89 65 4 53 49 69 16 55 44 34
10 52 92 -1 50 91 92 53 6 94 97 68 78 38 32
89 23 15 50 -1 35 8 76 76 28 70 30 45 90 3
46 4 89 91 35 -1 22 59 77 13 97 42 7 71 46
25 99 65 92 8 22 -1 63 53 8 49 54 20 60 78
67 22 4 53 76 59 63 -1 60 13 80 25 63 73 89
6 53 53 6 76 77 53 60 -1 80 25 58 79 34 24
22 66 49 94 28 13 8 13 80 -1 78 64 65 26 45
74 2 69 97 70 97 49 80 25 78 -1 17 57 45 70
77 3 16 68 30 42 54 25 58 64 17 -1 70 42 23
37 40 55 78 45 7 20 63 79 65 57 70 -1 90 80
79 9 44 38 90 71 60 73 34 26 45 42 90 -1 95
43 37 34 32 3 46 78 89 24 45 70 23 80 95 -1
