9
-1 66 80 46 53 86 15 16 22
66 -1 4 52 88 70 51 70 27
80 4 -1 81 65 49 23 21 57
46 52 81 -1 89 28 23 84 67
53 88 65 89 -1 4 27 22 63
86 70 49 28 4 -1 66 82 48
15 51 23 23 27 66 -1 22 71
16 70 21 84 22 82 22 -1 46
22 27 57 67 63 48 71 46 -1