9
-1 91 69 36 24 8 81 41 85
91 -1 25 72 71 54 40 26 93
69 25 -1 44 2 12 1 81 89
36 72 44 -1 88 88 54 84 45
24 71 2 88 -1 59 11 96 1
8 54 12 88 59 -1 5 97 45
81 40 1 54 11 5 -1 42 22
41 26 81 84 96 97 42 -1 15
85 93 89 45 1 45 22 15 -1