6
-1 74 22 88 94 83
74 -1 44 46 87 18
22 44 -1 70 36 59
88 46 70 -1 28 5
94 87 36 28 -1 10
83 18 59 5 10 -1