12
-1 49 95 27 2 50 49 1 1 81 85 56
49 -1 74 32 99 99 26 52 39 50 48 63
95 74 -1 13 24 38 12 35 19 86 88 70
27 32 13 -1 1 24 23 61 71 72 90 58
2 99 24 1 -1 2 55 31 82 59 68 38
50 99 38 24 2 -1 100 1 47 10 66 67
49 26 12 23 55 100 -1 78 63 10 38 87
1 52 35 61 31 1 78 -1 57 96 14 6
1 39 19 71 82 47 63 57 -1 75 74 10
81 50 86 72 59 10 10 96 75 -1 17 78
85 48 88 90 68 66 38 14 74 17 -1 22
56 63 70 58 38 67 87 6 10 78 22 -1