12
-1 41 11 9 1 58 4 57 73 63 4 45
41 -1 37 98 66 29 37 20 12 72 75 42
11 37 -1 82 83 14 94 2 69 73 93 90
9 98 82 -1 30 36 28 62 17 94 64 95
1 66 83 30 -1 85 54 81 46 2 17 74
58 29 14 36 85 -1 88 42 30 15 70 47
4 37 94 28 54 88 -1 55 1 80 15 6
57 20 2 62 81 42 55 -1 81 83 32 20
73 12 69 17 46 30 1 81 -1 31 35 54
63 72 73 94 2 15 80 83 31 -1 71 19
4 75 93 64 17 70 15 32 35 71 -1 54
45 42 90 95 74 47 6 20 54 19 54 -1