10
-1 94 57 74 25 40 22 82 56 10
94 -1 78 45 12 100 12 25 98 77
57 78 -1 100 61 76 96 50 41 20
74 45 100 -1 53 42 94 27 3 56
25 12 61 53 -1 84 79 28 3 55
40 100 76 42 84 -1 99 17 100 96
22 12 96 94 79 99 -1 69 52 52
82 25 50 27 28 17 69 -1 93 25
56 98 41 3 3 100 52 93 -1 65
10 77 20 56 55 96 52 25 65 -1