15
-1 32 16 52 97 20 4 72 67 31 68 40 54 9 50
32 -1 12 48 78 99 16 10 48 54 41 36 19 63 42
16 12 -1 63 2 37 37 70 44 91 57 1 17 42 60
52 48 63 -1 86 86 18 73 4 56 80 46 24 28 99
97 78 2 86 -1 51 12 24 30 68 84 14 73 23 8
20 99 37 86 51 -1 35 2 96 59 98 38 45 69 89
4 16 37 18 12 35 -1 4 83 100 77 52 2 28 32
72 10 70 73 24 2 4 -1 10 96 74 27 59 81 4
67 48 44 4 30 96 83 10 -1 17 82 21 88 49 85
31 54 91 56 68 59 100 96 17 -1 45 78 39 34 40
68 41 57 80 84 98 77 74 82 45 -1 95 68 24 54
40 36 1 46 14 38 52 27 21 78 95 -1 100 37 26
54 19 17 24 73 45 2 59 88 39 68 100 -1 40 66
9 63 42 28 23 69 28 81 49 34 24 37 40 -1 65
50 42 60 99 8 89 32 4 85 40 54 26 66 65 -1