15
-1 41 62 95 38 55 98 75 91 58 19 76 51 68 70
41 -1 93 77 73 57 76 5 62 43 54 100 65 43 13
62 93 -1 26 26 4 63 23 72 67 15 64 65 60 56
95 77 26 -1 57 51 65 75 46 97 57 32 43 4 93
38 73 26 57 -1 52 100 63 78 18 80 48 93 69 10
55 57 4 51 52 -1 31 91 97 54 96 80 83 76 6
98 76 63 65 100 31 -1 69 24 13 69 7 4 31 10
75 5 23 75 63 91 69 -1 79 40 22 33 84 48 11
91 62 72 46 78 97 24 79 -1 38 48 1 91 35 42
58 43 67 97 18 54 13 40 38 -1 12 96 11 26 59
19 54 15 57 80 96 69 22 48 12 -1 37 95 27 73
76 100 64 32 48 80 7 33 1 96 37 -1 13 70 7
51 65 65 43 93 83 4 84 91 11 95 13 -1 51 88
68 43 60 4 69 76 31 48 35 26 27 70 51 -1 33
70 13 56 93 10 6 10 11 42 59 73 7 88 33 -1