12
-1 17 97 13 33 38 93 89 2 100 49 32
17 -1 76 97 94 75 71 53 63 72 2 43
97 76 -1 2 24 67 96 30 32 21 24 87
13 97 2 -1 100 20 84 59 51 85 84 5
33 94 24 100 -1 18 89 80 77 32 79 43
38 75 67 20 18 -1 1 71 51 87 1 2
93 71 96 84 89 1 -1 36 65 92 27 97
89 53 30 59 80 71 36 -1 25 7 47 54
2 63 32 51 77 51 65 25 -1 95 62 92
100 72 21 85 32 87 92 7 95 -1 38 56
49 2 24 84 79 1 27 47 62 38 -1 57
32 43 87 5 43 2 97 54 92 56 57 -1