11
-1 82 9 47 48 89 13 19 84 36 55
82 -1 43 14 90 28 72 94 37 53 99
9 43 -1 13 82 12 61 36 84 81 23
47 14 13 -1 23 12 50 99 1 90 45
48 90 82 23 -1 7 68 79 43 12 73
89 28 12 12 7 -1 16 64 30 58 86
13 72 61 50 68 16 -1 98 26 32 93
19 94 36 99 79 64 98 -1 68 8 84
84 37 84 1 43 30 26 68 -1 81 66
36 53 81 90 12 58 32 8 81 -1 88
55 99 23 45 73 86 93 84 66 88 -1

 sum_min=216