6
-1 75 67 23 78 85
75 -1 47 13 83 69
67 47 -1 11 52 15
23 13 11 -1 83 75
78 83 52 83 -1 4
85 69 15 75 4 -1