8
-1 41 71 8 33 67 52 51
41 -1 96 97 53 46 35 24
71 96 -1 95 35 27 16 7
8 97 95 -1 5 8 22 16
33 53 35 5 -1 45 16 97
67 46 27 8 45 -1 16 14
52 35 16 22 16 16 -1 10
51 24 7 16 97 14 10 -1