9
-1 18 30 81 84 58 66 19 18
18 -1 48 26 87 15 15 63 87
30 48 -1 21 54 6 28 14 34
81 26 21 -1 15 36 61 9 22
84 87 54 15 -1 8 46 49 6
58 15 6 36 8 -1 96 36 82
66 15 28 61 46 96 -1 90 35
19 63 14 9 49 36 90 -1 69
18 87 34 22 6 82 35 69 -1