15
-1 95 64 37 2 85 81 27 77 71 50 13 16 71 24
95 -1 8 60 7 66 90 60 85 3 56 39 8 48 98
64 8 -1 58 31 33 41 73 63 11 73 13 7 65 32
37 60 58 -1 56 4 54 91 17 23 37 70 53 58 37
2 7 31 56 -1 40 65 50 49 90 19 86 12 71 18
85 66 33 4 40 -1 88 9 2 89 18 53 32 14 50
81 90 41 54 65 88 -1 19 60 48 72 12 89 43 10
27 60 73 91 50 9 19 -1 70 38 47 55 9 48 43
77 85 63 17 49 2 60 70 -1 36 27 28 13 10 45
71 3 11 23 90 89 48 38 36 -1 32 16 31 38 30
50 56 73 37 19 18 72 47 27 32 -1 32 59 43 90
13 39 13 70 86 53 12 55 28 16 32 -1 95 81 26
16 8 7 53 12 32 89 9 13 31 59 95 -1 33 34
71 48 65 58 71 14 43 48 10 38 43 81 33 -1 40
24 98 32 37 18 50 10 43 45 30 90 26 34 40 -1