15
-1 78 17 10 88 73 99 16 4 29 100 95 8 55 98
78 -1 61 46 20 41 81 98 38 9 75 38 55 55 14
17 61 -1 67 19 96 50 39 7 63 44 63 64 74 31
10 46 67 -1 1 83 79 6 98 95 7 33 95 32 68
88 20 19 1 -1 52 3 70 75 28 17 90 80 20 67
73 41 96 83 52 -1 30 28 68 22 25 93 16 31 90
99 81 50 79 3 30 -1 53 5 33 29 21 69 48 67
16 98 39 6 70 28 53 -1 16 66 9 17 20 17 40
4 38 7 98 75 68 5 16 -1 33 65 27 37 53 87
29 9 63 95 28 22 33 66 33 -1 88 98 57 81 33
100 75 44 7 17 25 29 9 65 88 -1 21 62 46 47
95 38 63 33 90 93 21 17 27 98 21 -1 98 53 37
8 55 64 95 80 16 69 20 37 57 62 98 -1 30 13
55 55 74 32 20 31 48 17 53 81 46 53 30 -1 38
98 14 31 68 67 90 67 40 87 33 47 37 13 38 -1