10
-1 74 37 81 43 4 64 4 52 63
74 -1 67 11 36 82 22 46 26 71
37 67 -1 26 99 2 58 93 44 51
81 11 26 -1 34 59 83 22 48 23
43 36 99 34 -1 94 42 7 1 57
4 82 2 59 94 -1 84 12 95 82
64 22 58 83 42 84 -1 50 33 83
4 46 93 22 7 12 50 -1 88 34
52 26 44 48 1 95 33 88 -1 10
63 71 51 23 57 82 83 34 10 -1