10
-1 22 25 71 69 38 16 80 68 60
22 -1 27 22 50 5 80 5 61 24
25 27 -1 29 87 15 19 7 80 8
71 22 29 -1 100 27 26 90 94 16
69 50 87 100 -1 14 72 15 74 68
38 5 15 27 14 -1 64 41 73 88
16 80 19 26 72 64 -1 66 3 32
80 5 7 90 15 41 66 -1 61 7
68 61 80 94 74 73 3 61 -1 58
60 24 8 16 68 88 32 7 58 -1