12
-1 87 66 38 26 98 98 100 32 20 17 21
87 -1 21 5 96 69 17 50 28 4 23 3
66 21 -1 91 66 82 26 91 22 52 23 36
38 5 91 -1 45 20 41 11 53 38 40 95
26 96 66 45 -1 52 1 89 44 45 34 16
98 69 82 20 52 -1 71 51 51 88 52 55
98 17 26 41 1 71 -1 60 13 55 91 62
100 50 91 11 89 51 60 -1 96 48 85 52
32 28 22 53 44 51 13 96 -1 49 33 66
20 4 52 38 45 88 55 48 49 -1 82 43
17 23 23 40 34 52 91 85 33 82 -1 12
21 3 36 95 16 55 62 52 66 43 12 -1