14
-1 31 18 91 68 2 2 50 33 3 6 17 5 63
31 -1 1 73 9 22 19 79 67 56 93 25 43 5
18 1 -1 24 3 95 18 61 65 73 11 58 1 16
91 73 24 -1 49 79 98 3 95 43 24 13 47 83
68 9 3 49 -1 16 1 78 27 48 11 36 61 81
2 22 95 79 16 -1 86 4 63 87 93 39 30 22
2 19 18 98 1 86 -1 5 18 69 50 88 25 35
50 79 61 3 78 4 5 -1 54 92 66 82 10 96
33 67 65 95 27 63 18 54 -1 5 98 89 51 80
3 56 73 43 48 87 69 92 5 -1 37 22 13 22
6 93 11 24 11 93 50 66 98 37 -1 48 2 12
17 25 58 13 36 39 88 82 89 22 48 -1 42 25
5 43 1 47 61 30 25 10 51 13 2 42 -1 91
63 5 16 83 81 22 35 96 80 22 12 25 91 -1