7
-1 27 36 51 18 24 92
27 -1 98 30 24 76 42
36 98 -1 97 29 45 54
51 30 97 -1 62 15 17
18 24 29 62 -1 41 31
24 76 45 15 41 -1 40
92 42 54 17 31 40 -1