10
-1 25 39 19 66 85 77 23 22 21
25 -1 47 60 66 28 94 19 66 41
39 47 -1 45 73 14 7 30 16 47
19 60 45 -1 56 61 36 60 18 51
66 66 73 56 -1 48 45 52 70 74
85 28 14 61 48 -1 21 80 76 27
77 94 7 36 45 21 -1 58 4 21
23 19 30 60 52 80 58 -1 49 76
22 66 16 18 70 76 4 49 -1 54
21 41 47 51 74 27 21 76 54 -1