9
-1 17 83 41 60 26 16 66 30
17 -1 35 40 98 27 32 4 69
83 35 -1 68 25 34 96 71 16
41 40 68 -1 68 49 93 77 52
60 98 25 68 -1 12 100 88 24
26 27 34 49 12 -1 37 41 70
16 32 96 93 100 37 -1 92 96
66 4 71 77 88 41 92 -1 83
30 69 16 52 24 70 96 83 -1