15
-1 56 21 58 10 27 59 28 91 64 69 67 12 72 92
56 -1 82 10 5 83 81 87 93 46 29 26 55 44 34
21 82 -1 29 33 54 80 74 79 92 46 71 72 43 16
58 10 29 -1 70 53 31 2 84 26 44 99 68 65 29
10 5 33 70 -1 52 4 60 42 75 40 47 35 94 92
27 83 54 53 52 -1 27 95 60 97 42 89 5 50 93
59 81 80 31 4 27 -1 68 5 77 62 20 38 22 48
28 87 74 2 60 95 68 -1 67 90 83 16 65 87 45
91 93 79 84 42 60 5 67 -1 87 49 82 65 26 86
64 46 92 26 75 97 77 90 87 -1 44 54 52 17 40
69 29 46 44 40 42 62 83 49 44 -1 48 91 77 57
67 26 71 99 47 89 20 16 82 54 48 -1 73 94 17
12 55 72 68 35 5 38 65 65 52 91 73 -1 42 25
72 44 43 65 94 50 22 87 26 17 77 94 42 -1 72
92 34 16 29 92 93 48 45 86 40 57 17 25 72 -1