8
-1 92 84 57 83 90 87 13
92 -1 13 7 3 2 85 74
84 13 -1 21 31 62 80 53
57 7 21 -1 50 20 78 17
83 3 31 50 -1 71 41 90
90 2 62 20 71 -1 72 100
87 85 80 78 41 72 -1 82
13 74 53 17 90 100 82 -1