6
-1 38 14 45 59 64
38 -1 56 61 81 21
14 56 -1 47 81 19
45 61 47 -1 65 100
59 81 81 65 -1 47
64 21 19 100 47 -1