7
-1 91 82 57 90 22 59
91 -1 37 18 2 56 43
82 37 -1 71 93 81 49
57 18 71 -1 16 58 48
90 2 93 16 -1 50 93
22 56 81 58 50 -1 74
59 43 49 48 93 74 -1