13
-1 30 7 80 50 98 39 1 43 92 96 25 38
30 -1 10 49 70 45 52 31 10 14 51 38 54
7 10 -1 62 6 44 51 74 98 82 63 79 36
80 49 62 -1 89 4 100 83 46 56 28 73 46
50 70 6 89 -1 45 26 57 20 82 15 10 32
98 45 44 4 45 -1 73 36 33 11 10 82 53
39 52 51 100 26 73 -1 36 32 40 90 64 84
1 31 74 83 57 36 36 -1 83 2 82 51 84
43 10 98 46 20 33 32 83 -1 34 2 45 13
92 14 82 56 82 11 40 2 34 -1 46 91 91
96 51 63 28 15 10 90 82 2 46 -1 94 12
25 38 79 73 10 82 64 51 45 91 94 -1 73
38 54 36 46 32 53 84 84 13 91 12 73 -1