14
-1 52 26 42 24 3 91 94 42 92 16 51 96 19
52 -1 56 40 11 1 34 89 72 37 40 20 98 32
26 56 -1 2 26 74 91 59 40 21 45 70 47 38
42 40 2 -1 10 1 72 58 19 94 53 5 46 16
24 11 26 10 -1 19 68 73 21 31 88 88 19 24
3 1 74 1 19 -1 98 76 93 70 86 15 100 58
91 34 91 72 68 98 -1 74 5 3 37 68 20 54
94 89 59 58 73 76 74 -1 30 38 46 98 64 2
42 72 40 19 21 93 5 30 -1 14 88 47 56 80
92 37 21 94 31 70 3 38 14 -1 46 16 44 93
16 40 45 53 88 86 37 46 88 46 -1 51 78 86
51 20 70 5 88 15 68 98 47 16 51 -1 43 47
96 98 47 46 19 100 20 64 56 44 78 43 -1 91
19 32 38 16 24 58 54 2 80 93 86 47 91 -1