14
-1 63 23 90 42 74 82 22 93 34 83 85 32 88
63 -1 35 27 59 22 43 17 90 57 80 75 67 3
23 35 -1 86 73 11 96 37 89 46 56 93 85 45
90 27 86 -1 83 83 81 88 40 18 1 34 79 25
42 59 73 83 -1 74 71 66 7 17 36 12 60 50
74 22 11 83 74 -1 8 96 71 94 87 7 17 97
82 43 96 81 71 8 -1 78 2 1 41 100 39 71
22 17 37 88 66 96 78 -1 31 93 46 73 17 80
93 90 89 40 7 71 2 31 -1 9 78 53 26 12
34 57 46 18 17 94 1 93 9 -1 15 48 80 86
83 80 56 1 36 87 41 46 78 15 -1 27 13 26
85 75 93 34 12 7 100 73 53 48 27 -1 69 47
32 67 85 79 60 17 39 17 26 80 13 69 -1 100
88 3 45 25 50 97 71 80 12 86 26 47 100 -1