14
-1 9 25 50 40 98 56 68 100 38 59 84 11 50
9 -1 27 80 64 12 55 22 83 28 32 17 65 38
25 27 -1 19 18 53 36 31 30 100 53 11 33 3
50 80 19 -1 75 18 49 20 13 28 67 10 5 75
40 64 18 75 -1 51 39 7 38 32 4 37 71 11
98 12 53 18 51 -1 80 82 98 18 78 75 61 93
56 55 36 49 39 80 -1 20 91 55 52 67 14 67
68 22 31 20 7 82 20 -1 61 37 61 34 85 12
100 83 30 13 38 98 91 61 -1 27 88 67 85 66
38 28 100 28 32 18 55 37 27 -1 64 90 46 43
59 32 53 67 4 78 52 61 88 64 -1 34 52 40
84 17 11 10 37 75 67 34 67 90 34 -1 83 33
11 65 33 5 71 61 14 85 85 46 52 83 -1 7
50 38 3 75 11 93 67 12 66 43 40 33 7 -1