15
-1 24 66 88 20 27 86 99 66 14 55 94 59 46 23
24 -1 41 25 88 42 24 40 51 63 72 91 30 89 91
66 41 -1 40 76 41 57 7 40 23 97 68 22 54 100
88 25 40 -1 42 85 86 19 80 98 63 97 53 61 11
20 88 76 42 -1 82 93 77 79 53 26 40 49 16 78
27 42 41 85 82 -1 34 42 21 94 25 96 11 23 57
86 24 57 86 93 34 -1 25 14 3 6 21 57 48 69
99 40 7 19 77 42 25 -1 53 96 80 89 41 14 14
66 51 40 80 79 21 14 53 -1 55 36 55 82 29 96
14 63 23 98 53 94 3 96 55 -1 14 4 28 15 50
55 72 97 63 26 25 6 80 36 14 -1 87 44 13 65
94 91 68 97 40 96 21 89 55 4 87 -1 33 84 14
59 30 22 53 49 11 57 41 82 28 44 33 -1 89 31
46 89 54 61 16 23 48 14 29 15 13 84 89 -1 40
23 91 100 11 78 57 69 14 96 50 65 14 31 40 -1