15
-1 7 3 73 59 9 39 11 62 72 47 87 91 86 75
7 -1 29 18 85 79 43 85 86 56 13 74 53 34 17
3 29 -1 76 28 58 16 28 13 61 69 40 38 90 82
73 18 76 -1 47 3 76 25 71 24 51 59 4 74 29
59 85 28 47 -1 31 72 23 41 22 94 37 38 42 1
9 79 58 3 31 -1 66 14 58 76 15 82 22 4 46
39 43 16 76 72 66 -1 38 44 43 63 75 19 40 40
11 85 28 25 23 14 38 -1 52 21 34 97 66 61 23
62 86 13 71 41 58 44 52 -1 57 80 86 42 67 4
72 56 61 24 22 76 43 21 57 -1 56 5 32 69 36
47 13 69 51 94 15 63 34 80 56 -1 31 41 2 46
87 74 40 59 37 82 75 97 86 5 31 -1 85 68 31
91 53 38 4 38 22 19 66 42 32 41 85 -1 61 4
86 34 90 74 42 4 40 61 67 69 2 68 61 -1 3
75 17 82 29 1 46 40 23 4 36 46 31 4 3 -1