15
-1 25 51 77 93 39 53 60 65 4 31 5 73 47 81
25 -1 97 26 74 89 63 61 96 66 25 51 41 66 42
51 97 -1 45 69 82 21 75 7 88 12 16 81 49 59
77 26 45 -1 23 25 78 23 9 52 13 85 22 51 59
93 74 69 23 -1 87 95 17 60 64 94 2 13 16 4
39 89 82 25 87 -1 13 38 75 95 16 99 57 51 30
53 63 21 78 95 13 -1 7 75 94 22 46 40 26 88
60 61 75 23 17 38 7 -1 75 74 31 59 91 37 63
65 96 7 9 60 75 75 75 -1 86 42 12 84 79 3
4 66 88 52 64 95 94 74 86 -1 74 84 18 47 44
31 25 12 13 94 16 22 31 42 74 -1 63 61 22 41
5 51 16 85 2 99 46 59 12 84 63 -1 12 10 49
73 41 81 22 13 57 40 91 84 18 61 12 -1 83 28
47 66 49 51 16 51 26 37 79 47 22 10 83 -1 39
81 42 59 59 4 30 88 63 3 44 41 49 28 39 -1