12
-1 63 20 46 90 97 80 88 23 98 17 89
63 -1 4 74 93 69 65 24 1 59 91 77
20 4 -1 40 5 6 83 56 43 76 91 64
46 74 40 -1 36 47 53 40 9 64 35 83
90 93 5 36 -1 54 12 92 40 62 78 60
97 69 6 47 54 -1 75 17 23 89 43 69
80 65 83 53 12 75 -1 63 80 19 9 64
88 24 56 40 92 17 63 -1 54 49 30 26
23 1 43 9 40 23 80 54 -1 47 54 17
98 59 76 64 62 89 19 49 47 -1 7 26
17 91 91 35 78 43 9 30 54 7 -1 63
89 77 64 83 60 69 64 26 17 26 63 -1