11
-1 95 31 4 22 60 65 75 78 91 52
95 -1 32 99 89 50 6 55 18 10 84
31 32 -1 50 70 49 34 76 93 10 82
4 99 50 -1 31 84 26 26 25 4 68
22 89 70 31 -1 57 86 72 90 84 44
60 50 49 84 57 -1 19 22 99 26 98
65 6 34 26 86 19 -1 99 14 43 32
75 55 76 26 72 22 99 -1 13 9 10
78 18 93 25 90 99 14 13 -1 12 59
91 10 10 4 84 26 43 9 12 -1 40
52 84 82 68 44 98 32 10 59 40 -1