9
-1 39 72 62 74 3 14 68 8
39 -1 92 100 31 9 51 82 18
72 92 -1 92 5 84 20 11 52
62 100 92 -1 1 50 64 87 26
74 31 5 1 -1 88 7 52 40
3 9 84 50 88 -1 42 53 3
14 51 20 64 7 42 -1 62 15
68 82 11 87 52 53 62 -1 2
8 18 52 26 40 3 15 2 -1