7
-1 83 71 81 23 95 32
83 -1 80 7 5 73 67
71 80 -1 53 36 13 24
81 7 53 -1 92 64 65
23 5 36 92 -1 84 38
95 73 13 64 84 -1 79
32 67 24 65 38 79 -1