12
-1 7 57 48 73 83 83 84 89 82 67 6
7 -1 16 51 86 68 41 59 93 59 20 99
57 16 -1 66 54 57 72 100 54 85 7 25
48 51 66 -1 99 63 51 65 44 98 83 67
73 86 54 99 -1 91 63 70 51 52 71 36
83 68 57 63 91 -1 54 3 4 25 87 53
83 41 72 51 63 54 -1 69 48 100 81 38
84 59 100 65 70 3 69 -1 49 74 26 71
89 93 54 44 51 4 48 49 -1 81 15 44
82 59 85 98 52 25 100 74 81 -1 54 76
67 20 7 83 71 87 81 26 15 54 -1 55
6 99 25 67 36 53 38 71 44 76 55 -1