11
-1 66 57 49 52 43 55 17 18 38 15
66 -1 35 72 25 49 26 77 15 31 56
57 35 -1 63 93 96 58 55 65 87 58
49 72 63 -1 40 9 95 6 44 84 94
52 25 93 40 -1 73 4 82 27 93 50
43 49 96 9 73 -1 59 48 37 50 26
55 26 58 95 4 59 -1 63 12 6 41
17 77 55 6 82 48 63 -1 25 55 30
18 15 65 44 27 37 12 25 -1 95 40
38 31 87 84 93 50 6 55 95 -1 9
15 56 58 94 50 26 41 30 40 9 -1