9
-1 9 49 89 88 64 53 6 35
9 -1 74 79 1 72 54 96 95
49 74 -1 52 80 59 23 14 66
89 79 52 -1 35 83 24 97 98
88 1 80 35 -1 75 18 42 62
64 72 59 83 75 -1 24 21 24
53 54 23 24 18 24 -1 50 12
6 96 14 97 42 21 50 -1 30
35 95 66 98 62 24 12 30 -1